Total workers = 100
Subproblems per worker = 100000000
1
9
20
25
44
76
121
197
304
353
540
856
1301
2053
3112
3597
5448
8576
700015127
12981
20425
30908
35709
54032
84996
128601
202289
306060
353585
534964
700592239
841476
500986503
1273121
2002557
402314799
702304697
602570999
702694780
203054097
3029784
603113601
3500233
704036583
704538859
5295700
205641225
405684468
705379308
606843402
307249587
207737081
408040448
707612928
8329856
607957025
408795433
711250757
412552712
312347968
712213043
12602701
214100586
713832581
314038982
214544566
614622931
116294620
317018023
317397068
617028397
317482432
617447921
318230777
118948654
19823373
420526174
320272325
421459027
321626757
422181566
222559947
223510546
124753981
225305943
227052295
527432481
328898530
29991872
430096055
130753270
431328055
133213342
433065039
333578269
333584978
334393960
634270634
235546955
235691995
CPU time = 623180ms
Real time = 110346ms
CPU to REAL time ratio = 5.647253
435146790
635509308
635720191
136676592
736228433
137386203
338116136
637950826
438496716
539730658
739454639
441191871
142623302
442548152
742379646
343207897
742926928
543472463
343672942
644245081
344822029
445080687
45863965
445844696
346668518
546648599
447169621
148005635
747052430
548614229
449259664
250551538
750277641
52151062
52422128
651793773
651808860
452578954
452879765
652253052
353331917
353835077
454432846
753590027
554136541
354673786
455414982
355239376
256409191
755024303
355917711
157265142
656147837
556625301
457165064
656899235
258934735
557982630
657890224
558492697
159542024
459181186
160492623
460610497
560229809
461303786
663063854
165095223
265424920
566332390
167740684
566588993
467174301
268659148
168951984
767547365
468380038
269609747
668720286
470014633
770751342
815291397
771751822
572422854
816241996
572873635
772553217
174461395
274597498
275209370
574026690
818143194
275967699
175957722
675078182
575852576
675700398
775830995
279019707
478182900
478728191
578656183
778063058
778182999
678521914
579444575
579504773
281332180
679051212
824094226
82457176
281981610
824687129
283129551
781038548
382573461
383104513
184609382
783276704
484415249
783450067
385067592
584309351
784234440
385597450
186821305
684072231
784815464
585976968
288030223
288429667
387346249
587334858
787310472
588257326
788585078
687730259
788665910
291218652
832911424
833160718
789856052
490929029
834111317
491086660
790790228
790863889
835421089
690714826
691193683
691259554
295938429
692438107
793554179
196231265
296889028
693884446
495889117
496406671
496781504
795668004
299150482
696051880
696591585
498699207
1000358591
399158239
598556684
901460989
1001203864
399926810
902145655
843521277
799697622
1201420823
799819084
1400383951
844471876
1301541962
1500607873
1103143746
1600626063
1004167872
1303421776
846373074
1006080160
1503842090
1006908095
1404710225
1405467788
1107792949
1008996764
1108678824
1406525900
1507197604
1109569419
1507434456
1507557487
1109969460
1308941122
1507807656
1407830257
851980638
912141982
1310535711
853881836
1510301023
1410137354
914283370
1511583696
1114274528
915996938
916048465
1115461980
1314951645
1514275054
1514456424
1216986604
1317277024
1217635262
1217829666
1118741132
1416572354
1616542554
1517947888
861390598
1120303674
1220023220
1220174584
1618673355
1321153544
1122350662
923262506
1023812765
1023899962
923618335
1122929037
1520895085
1222559125
864242395
924067318
924498010
865192994
1224147948
1421851095
1124546965
1421920752
925459250
1323848370
1225156014
1523365993
1422769474
926463369
1523664274
1623336772
1424739709
1625541537
1425985815
1626492523
870800558
1528198423
930974952
871751157
931363582
1130827701
1131000487
1428690845
872701756
1232506787
1232644727
1530196769
873652355
1033129443
1431150401
1234143942
874602954
1234586636
935537304
1333843151
1532947000
1334158763
1036290197
936525721
1533783882
1036992685
1534468412
937626810
1633764387
1238056993
1535007839
1535081543
938276701
1238964973
1239119892
1436517716
1536419620
1039934191
940256994
881291297
883912192
1143319026
1541799032
1543111511
887559037
1146937574
1247890079
1445846998
1645160721
1048561939
1545537828
1347742418
1347869605
1049752035
1251135189
1251136386
1050919233
891589755
1449090987
1449725129
1052527844
1052892450
953318026
1650417968
954208183
1451615601
954581718
955039137
1452436083
1353231575
956193081
1055878028
1056949279
957407558
897481167
958418383
1456097344
959708371
1357083369
1457343239
1556873420
1700424734
1261607677
1557292746
1458303784
1262590201
1161375115
1701807802
1458989027
1558637437
1359808300
1658656111
1702664463
963020115
1460315157
1361136121
963984847
1361656926
1461075819
1362385806
1064685456
1064710421
1165388049
1563095427
1066281003
1066466039
1166739999
1663225279
1708083228
1167773537
1664661590
1664882497
1709556411
1709907947
1270872562
1665743086
1367762326
1567148802
1070276312
1468029732
1567888606
1667385341
1071228852
972560196
1071647731
1071747451
1713503676
1470449931
1274815853
1714276767
1073192406
1371701808
1471666543
1714900263
1073741796
1073741798
1073741799
1073741800
1073741801
1073741802
1073741803
1073741804
1073741805
1073741806
1073741807
1073741808
1073741809
1073741810
1073741811
1073741812
1571020150
1571159190
1472080356
1715908657
1276650517
1716122109
1716366886
1277338591
1473441888
1176228903
1473693963
1473764077
1277837673
1374224118
1278280663
1673923503
978717011
1574970547
1674369969
1575327301
1280223511
1575776050
1376358747
1576288657
1720174411
1675890324
1576616046
1180095954
1282040240
981553709
1378835395
1283569807
1578998273
1579051378
1579891458
1580097622
1381289778
1286775337
986015442
1384527264
1583876110
1728869716
1584254971
1584352683
1088373654
990810413
1686277047
1731344868
1732267009
1389280329
1091886270
1490843755
1491148938
994353638
1296259135
1690437527
1591378178
1691456474
1692607590
1394109990
1739410349
1593814778
1593827765
1198395745
1594321325
1594635175
1740827449
1900584932
1696063606
1397435569
1802621416
1099994326
2100056400
2001130266
1498548714
2100678430
1902244348
1398669433
1697774614
2101563818
1399495765
2003088461
1399993760
1698904433
2302031461
1905296141
2401331105
1807510868
2105036499
1748359955
2304385600
2503406931
2205282533
2503623493
1810484413
2206000271
1810910717
2505173700
2010570656
1910728437
1752666528
2407134311
2407284172
1813321470
2308483539
2210693694
2509275867
2309938541
2409453457
2409460576
2013954574
2311187659
1757599378
1817488859
2016531014
2016542075
2115912635
1818370096
1818635968
1759068881
2117128501
2314431826
1819642876
2117288061
2314671156
2314786058
2314795940
2018921516
2315340097
2019080371
2414978453
1821545446
2316602257
2516750700
2317267935
2021348971
2317849077
1823335546
2121131470
2419266783
1923067491
2123015444
2221128076
2123686327
2420698642
2521002760
1766906835
1925831076
2125780134
2323575828
2027708047
2224923674
2524087219
2424047055
2324782753
2324894141
2524504866
2325151083
1770816720
1771066750
2326880832
1774136635
2328354445
1775247632
2430300384
1776993857
2134466313
1837243278
1777932729
2135799847
1778867472
2433421675
2037663294
2334410769
2235467655
2334758832
2335917203
1781804524
1783332885
1783599601
1784320568
1844033365
2339082356
1786469060
1845799942
2044519078
2241702468
2540759204
2440366530
1787166809
2045335897
2144255733
1787577191
2144911636
1788233988
1788274987
2145392627
2145492061
2342360504
1847910257
2442437408
2543049816
2047202961
2147173944
1946781707
1946823097
2147370775
2147448754
2147483632
2147483633
2147483634
2147483635
2147483636
2444592878
2245483273
2544937346
2544948714
2245894399
2345787283
2346309201
1852164048
2050885834
2546894335
2051387930
2052148266
2052594822
2448531144
1854126113
2249739047
2249982848
2449118315
2450117737
1952913771
2450255640
2451050661
2551074501
2451243763
1856767354
2451411267
1856977807
1956254120
2600336561
2554426283
2555009615
2256147780
2159503960
2602736605
2161084672
2604266931
2062979617
2358738988
2604987115
1865530856
2360647582
1963902251
2261521392
2164497959
1866930515
2361481577
2066100136
1867504739
2608017888
2066593546
2462339132
2462378113
2166055041
2562647289
2166259697
2263577215
1868635089
2463645019
1870264468
2168435028
2564820279
1870854670
2170459596
2467489833
2171200666
2072364145
1873889432
2172263864
2568233639
2568425623
2369052671
1972281299
2616152704
2174388939
2174504424
2370564436
2570963467
2571424930
2617810649
2472075186
2175905755
2076801181
1975097467
1878220854
2176584310
1878581358
2473266607
1975937071
2473533681
1879492044
2078715167
2079010778
1977606508
2475521664
1979505542
1979842513
2277517011
2577149182
2181640265
2478563229
2082749773
2624277577
2624487282
1981565530
2479350152
2083450089
1981797071
2182857349
2279544460
2084118218
1885283138
1885373528
1885390077
2280662524
2380518216
1983363000
2280801120
2582016033
2283458677
2383327937
2583694290
1889482589
2384164243
1986941145
1890295724
2384872667
2189098608
2189159374
1988226289
1988556068
2287512458
2190984983
2092283612
2488416815
2489494124
2289772924
2490249320
2095119229
2195741892
2195838122
1995518173
1899329943
2393466160
2494457530
2700053164
2394511072
2198933478
2702150263
2596196175
2497347731
2643386460
2297240113
2297565898
2644024289
2597481512
2597743246
2598110799
2598202606
2902275621
3400005460
2647291273
2805451445
2904713830
2905350094
2905563829
3102861942
2906019910
3005724227
2906254326
3103647962
2906359163
3006710045
3104734806
2650504344
2710460322
2711175179
2651510824
3405163947
3405739926
2810565062
2712063893
2652928700
2653753929
2653940391
3108818279
3011511156
2912211608
2813264978
3011884999
3308206861
2912674716
2715347659
2716155056
3410059619
2657697378
3014315643
3014716051
3014986955
2816186370
2718211772
2659461897
3212544349
3312335769
2916197397
2916217735
2719807983
3413540035
2720232152
2819096012
3414963730
3215386801
2721731683
2722467326
2663789117
2664158001
2664270681
2921126211
3219236671
3119747185
3119929075
3221225457
3221225458
3221225459
3221225460
2825618511
3421061886
2925656670
3423741193
2670874835
2928072447
3424696085
3324776260
2928565050
3126129838
3126237590
2672434036
2672443786
2830423997
3029571988
2929527540
2831592235
2674196906
2832502806
2833943545
3229557089
2834894894
3430237153
3131407041
3035035194
3331421594
2935165115
2935647974
3036961681
3037675669
3334503648
3038422382
3334690087
2938159465
2682147612
3235689446
2683359508
3040186761
3237052639
3337039357
2744714000
3436990578
2745456665
2745482014
3238659434
2941665554
2941796513
3043787489
2747580949
3440563078
3341888692
3441974956
3342749629
3243216554
3143689949
2750959354
3443043283
3144216585
3444139348
3444283484
2849757441
3145774137
2948454881
3146366985
3146510548
3050282338
3247921460
2755468136
3347826075
2950954660
2695364344
3149129173
2695679410
2853243858
2757145586
2696903292
3250284005
3250493952
2758225706
2697973154
2698582092
2698790535
3351703485
2856607645
3057332864
3153695378
3453188024
3154195379
3501251740
3353953646
3501701148
2762235712
2762301008
3502144446
2859016124
3502394123
3502469292
2859363626
3155791963
3355569709
2959210685
2764382370
2764655016
3157495646
3157572428
2959849381
3357069637
2861321801
2765703814
2861706747
3505494010
3159077883
3159373453
2862691273
2766764111
3459295053
2962470734
3459417259
2769401334
3066386273
2771568176
3462978731
2867757573
3264533717
3463499127
3166644834
3166888718
3267704747
3367458007
3515398769
3073189955
3073346891
2971752767
3269636846
3517236951
2873488423
3518198676
2779012980
3170999027
3271250076
3370803039
2874907777
3075974038
3519329874
3520578232
3173328168
3273703094
2877051306
2782011911
3373929207
3274598703
2782342984
3473106657
3522064336
3522115833
2878160966
3374706147
2878418277
3474193861
3276286733
3523443513
3176435458
3524535139
3524969838
2786158838
3178427974
3179042757
2882704455
3179328609
2981816938
2882909577
2787609771
2787901104
2788299514
3528231970
2789690071
2984213555
2887532608
3384415419
3089076684
3484079654
3533409725
2889027470
3484692632
3090335859
3185768956
3534175707
3186153523
2890503407
2989664741
3387677402
2990536458
3388374597
3289330032
3388584263
3388949146
3537158761
3389298314
3537708892
3390592641
3291589044
2894133374
3190351982
3096010905
2994007738
2994046777
3191681977
3293545024
2896080844
3393098180
3097615011
3601134305
3097810664
3542134802
3493296736
3542628218
3395048670
3494662210
3297486935
3800118765
3800424776
3605006600
3298557197
3702239841
3298848528
3299066703
3398280015
3497843500
3498124936
3803122454
3902175695
3399993212
3499198000
3804273122
3549338162
3805430577
4002744954
3609027003
4004482140
4302132872
4202589425
4202913065
3807993188
3708649907
4203485835
3552253050
4203538260
4104835491
4005994740
4204358154
3710083427
3553650089
3809999351
4106110379
3810359017
3711244063
3613331846
4305253130
3711285248
3613607222
4305679044
3811037854
4306826885
3556041033
4207810586
3911296638
4108767119
3813289792
4109268355
4109881092
3715313257
4309750175
4012638082
3559958273
3559999932
3914778682
3717779428
3717893646
3560707337
3561184767
3621185322
4015319446
4213945777
3917802343
3563407686
3819332749
4016019807
4314565023
4314606157
3564277239
3623315823
4215373858
4017306726
3623585584
3565095046
3821101732
4117247907
4316457385
4216673930
4316907001
4317772357
4119123604
4218765433
3923354569
4021500822
3628255371
3924838546
3926246021
3630159966
3630487464
4322700189
3828049314
4324456277
3730788034
3573866344
3929552151
3633536159
4027804410
3732483070
3575511034
3931999823
3832667142
4029490694
3577151541
4030766413
4228725895
3578086758
3933837680
3736072277
4229341983
3736648788
3935430002
4033494032
3936731784
3640080658
3837513486
3837543047
4232160450
3837764061
4232284450
3640690104
4333305372
3937871820
4233406552
3740395138
3641636356
4233956726
3741263855
3840461894
3643079129
3940151600
4336707205
3586179435
4039449085
3743919552
3743937835
4337911473
4338603130
3745031558
4239339513
3845141743
3589149248
3944729684
3746932864
4042637440
4042916095
3846302437
4341063703
3747935649
3946499038
3847398371
3847920874
4342941319
3592701897
3594654997
3950535625
4345613986
4345972332
3653889905
3653984220
4346139336
4149013591
3596491653
4246747682
3753639167
4247135456
3952450523
3853099155
4149849453
4347772174
3952967312
3953020383
4347990866
3853476421
4348144190
4150484174
4348552278
4248990394
4249414361
4152484127
4350792261
3758065967
3659475889
4154149620
4252341012
3660468092
3858589885
4055875250
3759734153
4155461216
3859387770
4403851822
3760837279
4354174411
3662266550
4156606675
3761477044
4057603935
3860849666
4255086494
3762834567
3664580250
4059484724
3763477285
4406701861
4357109852
4407755358
4257987746
4061089676
3864625616
3765856549
4062204193
3766351219
4062601843
4409530498
3964693425
3767570914
3767886419
4410551920
3965736086
4410756229
4361432359
3669859959
4411153318
4411617623
3769567290
4412399896
3968284651
3672724518
4166597456
4067950029
4068536331
3674294268
4416607590
3873431212
4071052007
3676432932
3676878364
4171417894
3974029255
3777492037
3975169879
4371161026
4173829711
4271814286
4174802096
4422107495
3680960251
4422734333
3879241220
3879547316
4076764947
3780907448
4273907336
3682628475
3682970949
4375142867
4274390574
3782054595
4375316145
3782474924
3683452063
4275202001
3980466845
3783134481
3980763102
4426485286
3883536268
4277839158
4180714021
3687199839
3983939288
4082517109
4182103368
3985332557
4183387182
4381711135
4381729638
3887263885
4184153507
3888405736
3889125313
4432215932
3692147412
4185902496
3791631212
3791701994
4187408570
4285208391
4089428433
4089826579
4188614280
4189023898
4435950128
4189435219
3794889360
4287297200
4437038814
4437112820
4437300666
3993204790
3796272655
3697422114
4437896256
4390015817
4390510214
4439365551
3797948215
3896826421
3798997209
4440834547
3996689292
4392581860
3898529612
4292882419
4700355962
4700765213
4196072694
4701871187
3998783199
4800639237
4800718690
4294967282
4294967283
4294967284
4702511497
4395191811
4197488814
4604891721
4703884741
4199069706
4505712541
4704498515
4199663155
4704771983
4397667283
4705194172
4446867581
4506685876
5002095847
4447972759
4508206573
4508310906
4508484785
4608883977
5102838539
5102919824
5300735564
4609829987
4509989046
4905810759
4808072189
4610374031
4905976329
4510685797
4451105782
4709441352
4709773997
5303038921
4512680913
4512797417
5007708798
5305067404
5009683112
4455652664
4455803924
4455893414
4813318203
4911239289
5109631584
5109635656
5207228442
5307481947
4911911003
4814115527
4912293262
5110920067
4617382736
5012268875
4716425374
5111415066
5209457704
5209614229
4459163491
4619052759
5210537879
5310726976
4915222104
5113952593
4620739855
4916319911
4916504170
5312559033
5016039466
4819426981
4462592772
4917484056
5115833983
4622343671
4622560516
5116576831
4918976908
4523695110
4919423580
4919584673
4624256219
5018618331
5119200642
5316728650
4466396372
4526224184
4725092292
5217685939
5317976810
4922450900
4467456364
5218484012
4628353306
5219153103
4726934499
4826038874
5319804360
5319992029
5023423899
4469754756
5220364562
5123490319
5220847961
5320766886
4827164907
4827248439
4729019261
5025625071
5321908972
4631927252
4730754266
4730830441
4730858425
4732774836
4635013678
4733087128
5325191862
5325740281
4734550971
4931577775
4536466881
4931874401
4637857165
4834367789
4638176000
4932678487
4933404181
4933891796
4835805551
4640673919
5135224318
4838626393
5136359212
4483899540
4938193863
4742456583
4841645152
4940660366
4843075946
4647120564
4647557561
4941720787
5337637342
5238403093
4548549667
4943897080
4651314637
5143913826
5043685748
4492610167
4550989056
4551194425
5145432719
4493138692
5045592377
5342235101
5342486122
4494275326
4849711119
4494587995
5046920758
4850521382
5243544046
5147747893
4554531130
5244426604
4851295868
4554773720
5048517509
4851567683
5148865617
4657370870
5149250137
5245678887
5347002501
5246497834
5246783313
4953301729
4659828229
5349575242
4757134679
4757519378
5401894387
4856922028
5402303887
5350761930
5251360592
4759658924
5352264827
4561863526
5055977168
5156433881
5353060998
4761206732
4761207395
4958437192
4563129663
5057748958
4666592258
4861359309
5355064788
5355259706
4763700912
5407596009
5059393746
5256409324
5059547006
5256793351
5257363515
5060631788
5409430769
5409532747
5061364720
4864452779
5358124663
5410392618
5358305711
5259295196
4767261002
5411598071
4767429914
5260044209
4768176340
5063953104
4867364366
4672688438
5414415596
4770155226
4770240347
5166862994
4573564788
4772559424
4676348174
5364855744
4969995260
4970054447
5365250116
5168772258
5169039014
4575215451
5366394659
5366627315
5070732934
5070909741
4972265040
5071376262
5268191028
4874675586
5420541987
4577952957
4578090234
5172068101
5368709107
5368709108
5074046436
5074157960
5173520316
5173668266
4579621869
5370294586
5174269134
4877255440
5423600488
4976383549
4877705160
5423873566
5424202506
5175488581
5076431170
4977546397
4879544704
4879876353
5426082267
5373249253
5426250787
4881138590
5078417008
5276263909
5374763131
5276438764
4882823531
4687774022
4783778673
5375817718
4687997311
5376180987
4784408419
4982399709
5181328391
5181523104
4884718338
4984096050
5083141877
5183110974
4985071580
4985380623
4985400448
5379743427
5085504181
5434472709
5085579513
5283376884
4987729754
5382174767
4592586001
4592983698
5383188802
4792611493
5437859035
4594950735
4595025062
4596452273
5091139389
4894159132
5387692004
5500580975
5291482116
5291795356
4896196093
5193733239
4798427321
5094036070
5600327739
5600622158
5293205216
4799159098
5444168286
4897569149
4997613859
5095224382
5390775316
5445120764
4898408240
4898824988
5295332616
5602481682
5701565889
5096607997
5900167250
5447495579
5506289486
5098534825
5449887585
6100322113
5803743000
5903482138
6100961164
5904236594
6102300628
5608227407
5608771653
5609170580
5511853170
6103815446
5512441376
6203601228
5709432156
5907917222
6105470224
5909105041
5711065824
6205524826
5809185045
5456135479
5515229894
5909560412
5456651620
5810082656
5457028228
6008085792
5516769240
6303495716
5911249307
6008609967
6008669824
5517311727
6009269467
5912000102
5912076617
6304284628
5812628835
5460098916
5813831093
5814038162
6011752527
6011856671
6306589621
6112176413
5815397066
5915965947
6211873360
5619835322
5917079854
6212821464
5917349854
5620633034
6310317968
6015784687
5919073189
5919501681
5524938794
6215704836
5466984483
5467687211
6216679474
5723419627
5723931802
5821665452
5822391013
5724851907
5528145131
6019954110
6120726604
6120749457
5725602236
5924466017
5628512453
5926171427
5926314544
5629370205
6123341418
6124076266
6318702797
5729258696
5532903706
6024641713
5827556557
6024766595
6025997187
6225228856
5930224179
5535439008
5634282381
5831409351
5537685844
5537798011
5832075321
6228314713
5636637810
5636701032
5539095560
5933737584
6228872715
6030309460
5481852307
6031481424
6229975323
6327104853
5483474130
6032859082
5835989560
6328637518
6033752145
6134773979
5640992597
5937830405
5837180436
5543873050
6234563745
6234843806
5940469488
5742853797
5840188035
6236144902
5644774200
6333908901
5490090837
6237906728
6334960244
5647035061
6141383087
5491723555
5549879941
5491933142
6239939379
5492734838
5945284300
6041665709
6240437259
5845150505
5845786473
6042956991
6043009777
6144805599
5553612303
5553863530
6340396902
5651859433
5496456841
5555154037
5950132229
5555401866
6341477862
6147010996
5498171732
5498373086
6245544289
6245986939
6149094783
6047877728
5655275154
6048081251
6246620037
6150875486
6401392138
5560191839
6050299198
6402035883
6248900207
5757708137
6347801326
6403204485
5758540951
6250508611
5758732262
6154932829
5660669477
6054380671
5565000551
6254212766
5566863202
5567068637
5961621563
5567459808
5664785182
5665009477
6058559805
6058588920
5568822100
5963628480
6256986738
5963952679
5666200660
5765588833
5765726378
6060067098
5862298131
5965201461
6411596726
5571358309
6259033861
5668064383
5768146225
5768165546
6062693309
5573153683
6360279672
6064610871
6360924181
5770799240
6166565547
5770868636
5575815121
5867500339
6361633086
6362095707
6066844606
5868884276
6168725178
5972056717
5972373689
6169330084
5972429096
6419848563
6069013712
6267222380
6171102253
6267645181
6171168527
6069936592
6267866791
6069963944
5974646091
6171816028
6070660928
5975097924
6268605916
6172395394
5776628450
5975857546
6071787762
6422361505
6269858226
5582290855
5678959363
6073351280
6271165281
5680124555
6175251945
5584946772
5876611818
6177070508
6075696356
5980044579
6370852529
6371086767
6371151572
5683268146
5782063763
5879196666
6275711454
5685246319
6079470841
5685844144
5589401701
6276880286
6181508686
6374779632
5984219397
5785317827
5687365124
6277922725
6182709459
5688066503
6183527606
5986604161
5986653386
6377641616
6377684353
5988358206
5594282353
6282016841
6381121801
5791487062
5596810471
6382215669
5694373651
5598004224
6284911540
5888885904
5793272287
5794192339
5889993491
5696113828
6090155275
6500020290
5697041160
6191458686
6091247841
6501107301
6440372211
5796155848
6386276563
6192698907
6092639268
6092944656
6289377477
6442408398
6442450931
6442450932
5997314490
6390106825
6097087838
6604097352
6098352542
6508103888
5899117791
6295257670
6803273861
6704732082
6448835450
6296654585
7002147283
6450584595
7002430096
6511578660
6451104294
6298835085
6452016531
6609509052
6397910970
6904984066
7200090194
6807896040
6905450345
6399226860
6399585528
7105525612
6454293776
6454327560
6454684812
7007196412
6455325120
6516580284
6516794196
7301695015
6908585191
6712216168
6456361921
7301872574
6908755875
6712555607
7009377057
7303086388
6457691264
6910114442
6910342064
6714271201
6910497926
6458359057
7109779176
7206128240
7206192895
7111349825
6815061911
7012943143
6460760914
6461022775
6816518578
6618551533
6817463965
6718867883
7309199555
6719832090
6524896833
6720115336
7211586250
7211699352
7116191980
6526355133
7116915794
6919401974
7019683956
6467504594
6920904745
6723990162
7021166770
6625683295
6469270547
7022217507
7120157707
7120995848
7023698801
7122099775
6531908300
6728089943
7123872062
6473407116
7124993481
7319907197
7221743236
6474960081
6535351907
7027666243
7126013295
7320593403
6830109294
7222666512
7127113535
6536678258
6928688355
6731791046
7321811072
6537485091
7030168293
6733745999
7323684598
6834144630
6479632012
6540949893
6480273259
6480297999
6480390056
7325628147
6835808396
6481135110
6638998490
6837760206
6483342167
7328175389
6935726860
7328623723
6544490939
6740042634
7135102028
7037739575
7038046903
7231762632
6937227233
6741215162
6937468733
6937946954
6742463889
6938709267
7233968309
6644001164
7138321271
7234446546
7140021676
6745539564
7236547054
7334903056
7140788525
7141607385
7044387549
6845723659
7337824297
6944993343
7144419884
7339347108
7241483031
6946799265
6948048632
7343106384
6852271822
7148779668
6755134010
7344874561
7345516970
6756091190
6656392418
6562427646
6657455002
6953419431
6563176126
6563852039
7055461039
7402878123
6564275825
7348652280
7403367615
6759492381
6956071423
6565970896
7057668907
7057858980
6760649129
7057887961
7351117527
7252737535
6662614385
6567596199
6761980332
6568400196
7254342227
6664109372
6861927209
6763518345
6569105725
6763551726
6664329050
6664767944
6569868628
7408519967
7160139362
6863630311
7409502361
6666870066
6864358965
7410436709
7410697886
6766982357
7356514797
6866346437
6574056764
7412837158
6964148862
7065506466
6867431859
7260757702
7164991666
7165073947
6575609273
7414275106
7165788587
7165822168
6965827278
6576500565
6869199492
6966360220
7067459541
6966721058
6672345613
6870734851
6871131128
6673959694
7264370471
7417636044
6579784245
7417932709
7362954420
6774366253
6675511179
7266286517
6873359250
7419514121
6873714481
7266931195
6873776117
7364247978
6873843638
6582210059
7072660090
7072798208
7073414589
6777236398
7073579400
7269165976
6973600232
7367077004
7174336831
7075274398
7075409732
7175528568
7368569009
6781233586
6587145154
7425883222
6880906581
6783517084
6881504173
7427390266
7180520605
7275812669
7276142229
7429073244
6980857475
7374104834
6883627994
7181536310
7374508345
7182378087
7375689085
7184020041
6789175871
6983438582
7085766223
6690855473
7280741284
6690935918
7433786456
6888403587
6792391209
6597669698
7282275745
7380016092
7435665538
6598044939
7436175732
6987345351
7283686014
6694114686
6890684496
6891213722
7437758445
6988894660
6695652564
6795516632
6990139055
7190776455
6696932154
6990993144
6991106748
6893605509
7502733465
7287405773
6991929992
6797686402
6992097728
7385508880
7385522812
7385961175
7192737217
6699121629
6798891654
6993159259
7442698879
7504504933
7387102117
6993724595
7289295388
6994330980
7600495077
7505628310
7388086325
7096250998
6995227403
6898558142
7389602055
7390263494
7603516105
7197695941
7509385091
7294763560
7510330361
7295055018
7393099713
7605874528
7449124614
7449202071
8000436499
7706644412
7607005287
7607192234
7803731496
7607310861
7513001574
7804133456
7804210733
7395026835
8101779056
7513375788
7708519265
8003020703
7514117107
7514267370
8102864024
7905761461
7515267046
7515303736
7453530046
7515568784
8104250954
7906324045
8200224324
7454156192
8104722811
7516192755
7516192756
8104884116
7455486693
8202353013
8007115333
8300004950
7613760279
8204998304
7521474323
8110100287
7911932957
7716176974
8303306141
7716474170
7617061587
7812996937
7523303432
8112540482
8013174575
7619011044
8114149453
8307253904
8015490638
8308513942
7527332218
7817380531
7721747410
7621854209
7721776386
8116421741
8016792767
7818230450
7466373696
7466610883
7918984015
7819713482
8118343605
7724145010
7624266225
7919961401
7920120793
7624752631
7725213574
7821350801
7725496893
7725513083
7531088581
7627730069
8022875713
7472846967
8316241370
7534677416
8219961126
7730493721
8024899614
8125158794
7474866069
8221772533
8221989291
7732535334
7538144786
8222873583
7733005954
7733184055
8320172961
7477283540
7733686080
7633987970
8321026966
8321076014
7929537309
7539477671
7634397608
8321374755
7930721409
7735875352
8323364257
8323649728
7480474714
7832811419
7481236113
7542904489
8324589514
7543131798
8228739089
7834802805
8033765554
8326411992
8326576461
7739719254
7835903411
8327630301
8231083568
7547277065
7742399347
7742496700
8329428058
7938385945
8137266259
7743232791
8233439853
7487355300
8137826865
7839239478
7644551911
7549472656
7550103299
7745003791
8234814597
7550616903
8332512788
8041194977
7941822137
7746640403
7942206734
7747855473
7648652794
8335280582
7843870492
8238323774
7649425877
7649517485
7649563612
8043962163
8143405616
7493671537
8337438025
8144942586
8145103247
7494952696
8339187091
8339590385
8048705028
8048857449
7654979184
7655186186
7560446175
7656414976
7499042505
7561044692
7952013536
7657473249
7657920504
8246678462
7658282184
8151536334
8152039072
7853629955
7758213217
7954379626
7855394366
7760612461
8055638217
8348845583
7663847678
7857212388
8406069104
7568413746
8252903454
8057827912
8253455717
7859050955
7570336857
8351316645
7859597660
8158678613
8159658978
8409947537
8255958909
8160513063
7962761465
7573233168
8411364111
8063770508
8065078869
7966117685
8164697358
7770838054
7672496140
8415722501
8360186734
7579622541
7674642433
7868939422
7969921923
7774734214
8361547505
7869811166
8362006252
8265407887
7676765758
7971033505
8362834959
7972072251
7582827690
7871876965
7583434057
8267970420
8267971006
8422915766
8073862118
7873749293
7873919509
7780385433
8174663256
7681688973
7681866211
7681883997
8076198115
7976578371
8271414142
7781922770
7977049825
8368676033
7782247059
7588269504
8077386007
7877594787
8078058834
7589308929
7589365863
7978936176
8178332687
7590530702
8274443086
8079727074
8080102815
7591180725
7980880921
8275618811
8430074180
8430374164
7981266139
8372487438
7786371218
7881089397
7981819613
8276539598
7982395960
8082260222
7688658617
8374015233
7594491328
7788331835
7689835914
8374864984
7984558471
7789166282
7985415519
8184048083
8280299561
8085833997
8184956530
7886254854
8436983805
7694016980
7988696334
7888001549
7988965668
8088888648
7794066432
8088981784
7695662816
8380318303
8500904842
8089998380
8501515652
8381778483
7993376762
7797997793
8383723943
7798680769
8192262310
8443386587
8288955564
7893790563
8505422753
7894053569
8602106011
8507077417
8507134039
8445895517
7896205640
8291611970
7896661765
8447253205
7897209150
8703407553
8704181809
8800106650
8705410216
8449975805
8900571706
8450032497
8900720664
8607299407
8706251369
8608046142
9000912680
8706885235
8297680997
8513898423
8903009578
8709154377
8904170293
8709472184
9003923618
8611296980
8299695022
9004451180
8612011288
8807630723
9105893993
8808579532
8713556396
8614821930
8713609330
8519625489
8458249487
8909011564
8909956863
9009926876
9009959744
9010228251
8522162994
9010964621
8617946191
9301486759
9110569557
9301959249
9208388398
9208427776
8463048739
8814963749
8526219282
9114049042
9305397418
8720508937
8465421865
8622417385
9015450648
8721903180
9016481359
8466931454
8723046883
8723094400
9213244783
9308126132
9214272095
8468475128
9214637484
8625973195
9018609864
8626353796
9019019036
9309855972
8531735153
8822033016
8921083463
9120650274
8472700234
8473165147
8824743082
9219437720
8825080154
8535950886
8825668649
9220473339
8826131250
8730074766
8475355367
8632147490
8826722907
8925872819
9221589264
9124981044
8537777436
8731314350
9222529892
8828286837
8634057768
9223467184
8634496318
8928171621
8478370064
8829513441
8734071054
9318722049
9028766824
8540958013
8636314508
8930552628
8735997335
8542505907
8543052518
8481620786
8481741695
9131119018
8737736960
8544236792
9228237277
8639010928
9032621984
9229238275
8835014985
8640542547
9323922550
8835306345
8484805814
8548140699
8642664132
8837232402
8642889895
9036024911
8741919201
8548856449
9232588783
8937438596
9233686646
8550580540
9234367686
8839809635
8744541974
9039160096
9138512481
8489026204
9235282199
9138748209
9236170959
9236464088
8490365126
9330474109
8842410119
8491533847
8942425502
8491695398
8843638587
8554567667
9333271719
9143633697
9334659151
8557284574
8751611941
9046560100
8847564740
8653496023
8947661275
8654161386
9337272523
9243543959
8560371577
8655178455
9338446455
9338542556
9338695190
9339127534
9339464276
8562813368
9150440724
8852288992
9401177029
8758125352
9151759228
9248458031
8659747592
8758995007
8854093604
9249139016
9152663728
9250007992
9404565445
9344535145
9250528559
8662525713
8957377661
9156212585
9406817996
8958105498
8764075850
8569274444
9407451576
8859309307
9157678665
9059774858
8666590490
9254776563
9409848759
8666935961
8571857737
9349778303
9349833711
8769721269
8574041602
8964021824
8964373646
9413652797
8772250698
9260080808
8772907163
8966916645
8967275374
8773728576
9067523282
8773858299
8868154909
8675701830
8775781589
9168288381
9264365521
8580662989
8870190399
8581198727
9419522104
9169640973
9419789387
9358772763
8582315745
8871888713
8972336045
8778853686
8583276953
9421914791
9267526615
8679663477
8874123677
9172810339
9074926697
8975610386
8682055700
9424864882
9364494707
9270582516
9270641367
9425185854
8587814090
9365903267
9426468870
8684358645
9176536693
9078823749
9078878446
8589934580
9178176756
9368204728
8591062916
8880034297
9368867715
9369381087
8880729179
8880896687
9369607821
8981957810
8689333056
9371474636
8595146547
8883827704
9432726320
8691212684
9084873710
8884319437
9373086412
9279797103
8792238794
9085645208
8792494183
9280827411
8987080599
8886023911
8693554801
9087214864
8794382693
9087565669
8988255206
8599097384
8988327410
8887645911
8989066343
8795728643
9377599049
9377691784
9284213966
8989970975
9089619496
9438345472
8697066635
9379230290
8799389742
9190740507
9092764831
9287920781
8699809930
9288375464
9504559834
9600402976
9288854566
9506432883
9702296873
9507427344
9603171617
9384891998
9291579346
9291723055
9703350421
9096552193
9096738831
8896134845
9385760489
8896410983
9509194185
9447412900
9099207823
9706701851
9800938993
9801164688
9296422093
9296949994
9297053136
9609953491
9709634748
9298437373
9298461722
9299601311
9804428512
9804940693
9613521737
9805757732
9614004875
9714341859
9519310084
9908113689
9714842339
9397092637
9520979327
9617150089
9716388164
9458614658
9521931922
9809990553
9522546069
9523168544
9718526481
9913634802
9720732858
9462556546
9462638232
9914516532
9721126303
9622117861
9623062028
9623647234
9722804760
9528425860
9916698655
9723022476
9530064736
9724745559
9919239107
9532352220
9532716927
9819750956
9469356798
9921492152
9727889486
9470567410
9629862359
9629950886
9630461826
9536253694
9472506655
9822910211
9632525347
9474148822
9475576892
9475891942
9928065077
9539974975
9541115154
9541529960
9636219241
9736242818
9542459789
9480035406
9481844685
9481857852
9640934854
9482419249
9740488625
9832513183
9741364643
9833407770
9642623967
9643103369
9742119017
9549102235
9644966393
9744018553
9744475081
9837286612
9838440681
9553072221
9488687352
9747182069
9942677005
9942991530
9749268454
9844313882
9752873484
9947013439
9846452668
9496396950
9947991974
9948106787
9948586643
9848539944
9498267891
9499944434
9953024612
9566466746
9853219047
9660497766
9955188181
9761362547
9855016232
9956555292
9763033807
9663676404
9570055917
9764369071
9664956382
9571081268
9571538935
9667898814
9766911610
9669097041
9768606889
9671138010
9963519083
9965484407
9773898808
9675423851
9775618188
9867633167
9868221231
9583404802
9586503417
9586783622
9681305853
9587744761
9780146464
9781979109
9589544886
9975987369
9978097629
9685659391
9686249510
9877368761
9593391747
9786520889
9687610002
9879184352
9788476740
9688743742
9596676172
9882427019
9599848633
9883904146
9988085100
9794897859
9989043269
9888605395
9796940663
9991707427
9992469805
9799567945
9994127740
9899102368
9899144280
