Real: 00:00:00.000, CPU: 00:00:00.010, GC gen0: 0, gen1: 0, gen2: 0
total running workers = 100
1
9
20
25
44
76
121
197
304
353
540
856
1301
2053
3112
3597
5448
8576
12981
20425
30908
35709
54032
84996
128601
202289
306060
353585
534964
841476
1273121
2002557
3029784
3500233
5295700
205641225
305348389
306298988
406951754
8329856
609155527
410282614
411783644
12602701
414463319
314758349
316659547
417679031
19823373
520746871
420526174
124753981
324168309
29991872
133213342
231969907
532132314
34648837
432087801
232920506
634270634
635509308
635720191
637950826
142623302
241379867
242330466
45863965
444448303
151082663
747698100
52422128
250789827
251740426
751619489
159542024
160492623
656899235
557628371
558596658
259249188
260199787
561538634
662083608
168951984
666490153
178361944
673654471
474652308
824687129
82457176
278069108
679822807
187771904
383104513
385067592
585636882
385597450
287479068
836710940
CPU time = 656280ms
Absolute time = 108301ms
CPU:REAL Ratio=6.059666
196231265
594636553
297839627
903592020
496996940
846881940
399056610
399926810
908710668
699132840
1301541962
851676248
1501825884
1303595470
1108638427
1110319692
857586360
1211501823
924017459
1315726714
1315777583
1119737955
1616239753
866066669
929673863
1421361587
1520895085
1322788689
1523365993
1523664274
1035929947
1528198423
1531546918
883912192
1436517716
1046353436
887559037
1143319026
954208183
954581718
955039137
1249941604
956193081
1645160721
1055775576
1251135189
1251136386
1546775715
897481167
1152980604
1649606658
1650417968
963020115
1454957611
1553845098
1655318828
967469021
1163218528
1266050454
1266792595
1266987199
1563095427
1269887591
974309209
976335031
1567148802
1367347644
980608309
1720174411
1178734376
1574970547
986378560
1575776050
986801039
987882384
1682572001
993452301
1683680811
1686277047
997829767
1296259135
1690437527
1691456474
1691741183
1198395745
1802621416
2100056400
1396523944
1499058729
1697933911
1909084317
2401331105
1814678984
1759068881
2407134311
2407284172
2015245894
2214869500
2121131470
1770355553
2123015444
2517477840
2321397156
2521918246
2323575828
1778933754
2324782753
2324894141
2035537090
2134149506
1782461328
2328687321
2430300384
2329813761
2331933720
2433421675
2234230039
2235467655
1848756059
2438225223
1947269005
2545445524
2546296171
2251904293
2608017888
1963902251
2167855572
2068428616
2069967590
2618783613
2562452863
2566995408
1977606263
2367607926
1883386206
2182857349
1982644042
2476408036
2279494114
2188870091
2190578931
2380518216
2583694290
2641051968
2383327937
1995518173
1899329943
2384872667
2297240113
2297565898
2808362907
2395854713
3104455296
2712063893
3104734806
3400005460
2813101965
2659461897
2819096012
2664567739
2723641114
3309694023
2669209932
3312126204
2670675737
3024587252
2834378406
3227498466
2935647974
3324776260
3423070787
2683359508
3037675669
2938159465
3326485933
3040186761
3233814423
3330366698
2689869807
3045533605
3049141672
2849757441
3144216585
3243216554
3438577294
3440563078
3149129173
3150092756
3445395634
3446094300
3349725513
3157145454
3255387086
3255723453
3065367473
2964016320
3067422598
3068366114
3453188024
2872204704
3166644834
3166888718
3459417259
2977465646
3172245878
3366362505
3528231970
2981700243
2887532608
3473106657
2889027470
3474193861
3286789542
2895013723
3289330032
3384404792
3294700233
3295445277
3805430577
3612040196
3807993188
4002744954
4103237544
3398280015
3398684122
3617169160
4106060452
3912238629
3813938948
4301080446
3564277239
3621185322
4010672672
4011681196
4207810586
3923354569
3923990926
3924838546
4212801049
4120670413
3633536159
4023615056
3636817188
3641428487
3643048434
3743919552
3586202608
3586472060
3840461894
4033494032
3588123215
4037884957
3758065967
4401098122
4403851822
4244800654
4345613986
4348072375
3768233948
4252341012
4057575456
4255086494
4164590840
3673788811
4062189968
3675699516
3778000690
3779215077
4067950029
4068536331
4361428509
3681935496
4174802096
4071052007
3687199839
3882468526
4180946292
3791633398
3791683201
3791701994
3690766539
4371161026
3888405736
3693997336
4082517109
4189435219
4508787353
4709773997
4099490894
4809903845
4454620819
4299246122
5102919824
4517812167
4912293262
5009058730
4459163491
5205249383
4820501103
4463332207
5207432137
5016039466
4466495634
5306549943
4726934499
4628353306
4631927252
5310726976
4927793690
5312037608
4476098324
4732835099
4834367789
4478446993
4480460681
4933891796
4539862185
4843075946
4742110397
4743121582
4549343730
5233127447
4495146046
4496825497
5241009365
4754074397
5241422413
4958850687
4862275408
5407596009
4763700912
4764716742
4568252807
5347002501
4968295088
4767707361
5349575242
4575215451
4771175628
5420541987
5355344969
5068373753
5166862994
4977546397
5358124663
5426065103
5267676884
4882823531
4781158868
4985380623
4985400448
5175488581
5366291685
4692083892
4590832869
5373249253
4896196093
5376264978
4898408240
4898824988
5091139389
5188300412
5602481682
5448791169
5901112586
5903482138
5904236594
5511853170
5512441376
5907489883
6101899298
6102316402
6006452360
6204120520
5915965947
5917349854
6011752527
5918797773
5919100535
5821620932
6211873360
5472100890
6213458715
5827556557
5926171427
5926314544
5535439008
5479877368
5636701032
5735595169
6226935511
5491131117
5551780122
5553021444
6327027946
6043009777
6403204485
5656276381
6333908901
6047565756
6336360282
6054380671
5866141325
5575174831
6257007637
5969288056
6064610871
6163699702
6165130122
5877512852
5678721205
5678821260
6168725178
6169330084
5776892630
5980044579
6171816028
6271165281
6173173976
6075696356
5982599250
5886141398
5593431797
6275905809
6282016841
6500179670
5697041160
5994706444
6089741112
5897913529
5796155848
6287278794
6505625102
6448629631
6097087838
6454327560
6905450345
6609509052
6514204786
6907430367
6458114824
6386485710
6458348261
6614144162
7105525612
6622773181
7110860441
6626099988
7018284177
7018762307
7301695015
6473407116
6531908300
7116915794
6474960081
7215343662
7309199555
6735909270
6483342167
6638998490
7314130453
6837640807
6643540089
7319907197
6749420036
7043811070
6496835658
6496947730
7140788525
7141607385
7328175389
7046562784
7144419884
6562427646
6757150547
7406661963
7056279503
6763518345
7252456817
6963217090
6964041895
7344874561
7414275106
6866346437
7062648138
7259518929
7162258623
6973544200
7266286517
6680035728
6783517084
6784581856
7359550576
6592896568
7362954420
7275812669
7363947772
7278802434
7280214332
6988894660
6696932154
7283686014
7442698879
7374304213
7374446578
7092838715
7603516105
7509385091
6897439276
7510330361
7096250998
7606993847
7607054290
7451967549
7380016092
7099326142
7901991621
7295055018
8001622116
7388086325
8101779056
8007755286
7389602055
7812612124
7619011044
7620089940
7393216584
7466373696
8013174575
7817380531
7818230450
8302751463
8116421741
7537423868
7926051677
8024894706
8304836403
7828087407
7927338806
8219961126
7735875352
7542904489
7545342271
7835199174
7743232791
8314353653
7745003791
7487913207
8320172961
8320750229
7555276846
8322229741
8043962163
8046104283
7496801170
8326576461
7560446175
7561044692
7760612461
7568413746
7859050955
8335280582
7859597660
7959051094
7570336857
8250869730
7959862946
8152191077
8412621436
7770821791
7770838054
8063122539
8255958909
7676765758
7677459705
7777722264
7581309696
8348845583
7582587031
8071094956
7972072251
8164727396
8350982875
7975961810
8078058834
7687884486
8271414142
7880957915
8172785661
7980880921
7689053637
7594491328
7794066432
7985603561
8178332687
7886254854
7598601111
7598673047
8365993268
7695662816
8279979235
7796508315
8367106920
7697311693
7699455886
8444092141
7893790563
8601830825
8372487438
8703972105
8447253205
8288955564
8190182021
8800176894
8450032497
8192662015
8709154377
8709472184
9001698330
8463048739
8623518169
9014890954
8531397227
8398159209
8630721128
8923611150
8826131250
8826722907
8537777436
8636314508
8540958013
9223467184
9308166529
8484096897
9226475725
8642664132
8642889895
8938064727
8944215538
8652118420
8845042884
9321100224
8653385570
8847564740
9138422757
8850248314
9240148173
9400806732
9329909528
8763031771
8957377661
9333271719
8666935961
8668171053
9064228059
8673769489
9067018568
8674868304
8870190399
9346300168
8679663477
8583276953
9349778303
8682992851
8683268410
9350335320
8785667060
9267526615
8591062916
9078878446
8883827704
8981096987
8792238794
8884319437
9358677848
9084873710
8697379233
9368204728
8894136778
9369381087
9290245019
9190740507
9379025996
9379677007
9618752067
9909202117
9913634802
9720066533
9914516532
9919239107
9470567410
9921229640
9532352220
9822910211
9825439000
9398368875
9826178393
9926167137
9739587747
9936214722
9644966393
9493366135
9493915967
9651615941
9653646762
9754862736
9953024612
9763942106
9565543794
9954054192
9765710487
9955965019
9767103846
9571081268
9571538935
9671138010
9965484407
9673472011
9867633167
9681731636
9686249510
9687718684
9791829714
9698428185
9998994162
Real: 00:02:26.907, CPU: 00:11:27.140, GC gen0: 57458, gen1: 12, gen2: 2
