Real: 00:00:00.000, CPU: 00:00:00.000, GC gen0: 0, gen1: 0, gen2: 0
total running workers = 100
1
9
20
25
44
76
121
197
304
353
540
856
1301
2053
3112
3597
5448
8576
12981
20425
30908
35709
54032
84996
128601
202289
306060
353585
534964
841476
1273121
2002557
52422128
12602701
3029784
3500233
34648837
5295700
45863965
8329856
19823373
29991872
151082663
82457176
142623302
133213342
124753981
159542024
160492623
231969907
232920506
205641225
196231265
187771904
178361944
168951984
260199787
250789827
241379867
251740426
242330466
314758349
305348389
306298988
316659547
287479068
278069108
297839627
259249188
CPU time = 64340ms
Absolute time = 11155ms
CPU:REAL Ratio=5.766266
324168309
383104513
385067592
385597450
410282614
420526174
399056610
399926810
411783644
432087801
414463319
444448303
474652308
406951754
417679031
520746871
532132314
561538634
496996940
557628371
558596658
594636553
662083608
585636882
634270634
635509308
635720191
656899235
637950826
666490153
609155527
673654471
751619489
699132840
679822807
747698100
824687129
836710940
846881940
851676248
883912192
903592020
866066669
924017459
887559037
857586360
897481167
908710668
980608309
929673863
963020115
954208183
954581718
974309209
955039137
993452301
956193081
976335031
967469021
986378560
986801039
997829767
987882384
Real: 00:00:26.865, CPU: 00:01:07.240, GC gen0: 5747, gen1: 2, gen2: 1
