Total workers = 100
Subproblems per worker = 10000000
1
9
20
25
44
76
121
197
304
353
540
856
1301
2053
3112
3597
5448
8576
12981
20425
30908
35709
54032
84996
128601
202289
306060
353585
534964
841476
1273121
2002557
52151062
52422128
12602701
3029784
3500233
5295700
45863965
8329856
19823373
29991872
130753270
82457176
142623302
133213342
124753981
116294620
136676592
137386203
157265142
148005635
118948654
159542024
160492623
222559947
203054097
223510546
174461395
214100586
184609382
165095223
214544566
225305943
175957722
205641225
235546955
235691995
196231265
186821305
227052295
167740684
207737081
168951984
250551538
281332180
CPU time = 65140ms
Real time = 11807ms
CPU to REAL time ratio = 5.515198
291218652
281981610
312347968
283129551
274597498
314038982
275209370
265424920
275967699
256409191
295938429
296889028
307249587
317018023
288030223
317397068
317482432
288429667
258934735
268659148
318230777
279019707
299150482
320272325
269609747
321626757
382573461
343207897
333578269
333584978
343672942
383104513
353331917
334393960
353835077
344822029
354673786
385067592
355239376
385597450
355917711
346668518
338116136
387346249
328898530
399158239
430096055
420526174
470014633
399926810
460610497
441191871
421459027
431328055
402314799
461303786
422181566
412552712
442548152
452578954
452879765
433065039
454432846
405684468
435146790
445080687
484415249
455414982
445844696
408040448
447169621
457165064
467174301
408795433
478182900
468380038
438496716
478728191
459181186
449259664
490929029
491086660
500986503
560229809
572422854
543472463
572873635
554136541
495889117
574026690
496406671
496781504
546648599
556625301
575852576
566332390
566588993
527432481
498699207
548614229
557982630
558492697
578656183
539730658
579444575
579504773
602570999
603113601
651793773
651808860
584309351
652253052
663063854
614622931
634270634
585976968
644245081
635509308
606843402
635720191
587334858
607957025
617028397
588257326
656147837
617447921
656899235
598556684
637950826
657890224
700015127
668720286
690714826
700592239
691193683
691259554
711250757
750277641
692438107
712213043
702304697
702694780
684072231
693884446
742379646
675078182
742926928
713832581
675700398
704036583
704538859
753590027
705379308
696051880
696591585
755024303
687730259
736228433
678521914
707612928
679051212
747052430
770751342
739454639
781038548
790790228
790863889
771751822
772553217
783276704
783450067
793554179
784234440
832911424
784815464
833160718
843521277
775830995
824094226
834111317
815291397
795668004
767547365
824687129
844471876
816241996
835421089
787310472
778063058
778182999
846373074
788585078
818143194
788665910
789856052
799697622
799819084
870800558
851980638
861390598
881291297
871751157
891589755
901460989
853881836
872701756
902145655
930974952
931363582
873652355
912141982
883912192
864242395
874602954
923262506
923618335
865192994
924067318
914283370
924498010
925459250
887559037
935537304
915996938
916048465
897481167
926463369
936525721
940256994
937626810
938276701
990810413
981553709
972560196
953318026
963020115
954208183
954581718
963984847
955039137
994353638
956193081
986015442
957407558
958418383
978717011
959708371
