Real: 00:00:00.000, CPU: 00:00:00.000, GC gen0: 0, gen1: 0, gen2: 0
total running workers = 1000
1
9
20
25
44
76
121
197
304
353
540
856
1301
2053
3112
3597
5448
8576
12981
20425
30908
35709
54032
84996
128601
202289
306060
353585
534964
841476
1273121
2002557
3029784
3500233
5295700
305348389
205641225
306298988
406951754
8329856
609155527
410282614
12602701
411783644
414463319
314758349
316659547
417679031
19823373
520746871
420526174
124753981
324168309
824687129
29991872
532132314
34648837
231969907
133213342
232920506
432087801
634270634
635509308
635720191
836710940
637950826
142623302
241379867
242330466
45863965
444448303
52422128
151082663
846881940
747698100
250789827
251740426
751619489
851676248
903592020
159542024
259249188
557628371
160492623
260199787
558596658
656899235
857586360
908710668
561538634
662083608
168951984
666490153
866066669
178361944
82457176
278069108
673654471
474652308
924017459
679822807
187771904
383104513
929673863
585636882
385067592
287479068
385597450
883912192
887559037
196231265
594636553
297839627
399056610
496996940
399926810
897481167
1301541962
1303595470
699132840
1108638427
1501825884
1110319692
1802621416
1211501823
954208183
954581718
955039137
956193081
1119737955
1315726714
1315777583
963020115
1814678984
1616239753
1421361587
1720174411
1322788689
967469021
1520895085
1523365993
1523664274
1035929947
974309209
1528198423
976335031
1531546918
980608309
1436517716
1046353436
1143319026
986378560
986801039
987882384
1249941604
1251135189
1251136386
1055775576
1152980604
1645160721
1546775715
993452301
1649606658
1848756059
1650417968
997829767
1454957611
1553845098
1163218528
1759068881
1655318828
1266050454
1266792595
1266987199
1269887591
1563095427
1909084317
1770355553
1567148802
1367347644
1178734376
1778933754
1574970547
1575776050
1782461328
1682572001
1683680811
1883386206
1296259135
1686277047
1198395745
2100056400
1690437527
1691456474
1691741183
1396523944
1499058729
1697933911
2401331105
1899329943
2015245894
1947269005
2214869500
2407134311
2407284172
2608017888
2808362907
2121131470
2712063893
2123015444
2813101965
2321397156
2517477840
2323575828
2324782753
2324894141
2618783613
1963902251
2521918246
2819096012
2328687321
2234230039
2035537090
2329813761
2134149506
2723641114
2235467655
2331933720
2430300384
2433421675
1977606263
2438225223
2834378406
1982644042
2251904293
2641051968
2545445524
2546296171
1995518173
2849757441
2167855572
2068428616
2069967590
2659461897
2562452863
2367607926
2664567739
2566995408
2279494114
2182857349
2669209932
2476408036
2670675737
2872204704
2380518216
2188870091
2383327937
2190578931
2384872667
2583694290
2683359508
2297240113
2297565898
2887532608
2395854713
2689869807
2889027470
2935647974
3104455296
3104734806
2938159465
3400005460
2895013723
3309694023
3312126204
3805430577
3807993188
3024587252
3612040196
3813938948
3227498466
3617169160
3324776260
3423070787
2964016320
3326485933
3621185322
3528231970
3233814423
3037675669
3330366698
3040186761
3045533605
3243216554
3144216585
3049141672
2977465646
3633536159
3438577294
3440563078
2981700243
3636817188
3149129173
3150092756
3445395634
3840461894
3446094300
3743919552
3641428487
3643048434
3349725513
3255387086
3255723453
3157145454
3065367473
3453188024
3067422598
3068366114
3166644834
3166888718
3459417259
3758065967
3564277239
3366362505
3172245878
3768233948
3912238629
3473106657
3474193861
3673788811
3286789542
3675699516
3778000690
3289330032
3923354569
3779215077
3923990926
3924838546
3384404792
3586202608
3586472060
3294700233
3681935496
3295445277
3588123215
3882468526
4002744954
3687199839
3791633398
3791683201
3791701994
4103237544
3888405736
3690766539
4106060452
3398280015
3398684122
3693997336
4010672672
4301080446
4401098122
4011681196
4207810586
4403851822
4212801049
4508787353
4120670413
4023615056
4709773997
4809903845
4517812167
4033494032
4820501103
4037884957
4628353306
4726934499
4631927252
4244800654
4539862185
4732835099
4834367789
4345613986
4348072375
4252341012
4057575456
4549343730
4255086494
4742110397
4743121582
4843075946
4062189968
4164590840
4454620819
4067950029
4068536331
4361428509
4459163491
4071052007
4754074397
4463332207
4174802096
4466495634
4568252807
4371161026
4862275408
4180946292
4763700912
4764716742
4082517109
4575215451
4767707361
4476098324
4478446993
4771175628
4189435219
4480460681
4781158868
4099490894
4882823531
4299246122
4590832869
4692083892
4495146046
5102919824
4496825497
5009058730
4912293262
5205249383
4896196093
5306549943
5207432137
4898408240
4898824988
5016039466
5407596009
5310726976
5602481682
5312037608
5511853170
5512441376
4927793690
5420541987
4933891796
5426065103
5233127447
5535439008
5241009365
5241422413
5636701032
5347002501
5735595169
4958850687
5349575242
5448791169
5551780122
5355344969
5553021444
5358124663
4968295088
5166862994
5068373753
5656276381
5267676884
5366291685
4977546397
5175488581
5373249253
5472100890
4985380623
4985400448
5376264978
5575174831
5188300412
5479877368
5678721205
5678821260
5091139389
5776892630
5491131117
5901112586
5903482138
5593431797
5904236594
6101899298
6102316402
5907489883
6204120520
6006452360
5697041160
6403204485
6500179670
6011752527
5821620932
5915965947
6211873360
5796155848
5917349854
6213458715
5918797773
5919100535
6505625102
5827556557
5926171427
5926314544
6514204786
6609509052
6226935511
6327027946
6614144162
6333908901
6336360282
6622773181
6043009777
6531908300
6626099988
6047565756
6054380671
6448629631
5866141325
6638998490
6257007637
6454327560
6643540089
6064610871
6458114824
6458348261
5969288056
6163699702
6165130122
5877512852
6168725178
6169330084
6562427646
6271165281
6171816028
6075696356
6173173976
5980044579
5886141398
6275905809
5982599250
6473407116
6474960081
6282016841
6089741112
5897913529
6287278794
6483342167
5994706444
6386485710
6097087838
6680035728
6905450345
6592896568
6496835658
6496947730
6907430367
7105525612
7301695015
7110860441
7309199555
7406661963
6696932154
7018284177
7116915794
7018762307
7314130453
7215343662
7414275106
7319907197
6735909270
7509385091
7510330361
6837640807
7328175389
6749420036
7140788525
7141607385
7043811070
7144419884
7046562784
6757150547
7344874561
7442698879
6763518345
7056279503
7252456817
7451967549
7537423868
6963217090
6964041895
6866346437
7162258623
7062648138
7359550576
7542904489
7259518929
7545342271
7362954420
7363947772
6973544200
7266286517
7466373696
6783517084
6784581856
7555276846
7374304213
7374446578
7275812669
7560446175
7561044692
7380016092
6988894660
7278802434
7280214332
7283686014
7568413746
7603516105
7570336857
7388086325
7092838715
6897439276
7389602055
7487913207
7606993847
7607054290
7096250998
7393216584
7099326142
7295055018
8001622116
7901991621
7496801170
7581309696
7582587031
8101779056
7619011044
7812612124
8007755286
7620089940
8302751463
8304836403
7817380531
7818230450
8013174575
7594491328
8314353653
8116421741
7598601111
7598673047
7828087407
8219961126
8024894706
8320172961
7926051677
8320750229
8322229741
7927338806
7835199174
7735875352
8326576461
8412621436
7743232791
7745003791
8335280582
8043962163
8046104283
7859050955
7859597660
8250869730
8348845583
8152191077
7760612461
8350982875
8255958909
7959051094
7959862946
8063122539
7676765758
7677459705
8444092141
7770821791
7770838054
8164727396
8447253205
8071094956
8365993268
8450032497
7777722264
8367106920
7972072251
7880957915
7687884486
8271414142
8172785661
7689053637
8372487438
7975961810
8078058834
7886254854
8178332687
7980880921
7695662816
8279979235
7697311693
8463048739
7699455886
7893790563
7985603561
7794066432
7796508315
8288955564
8190182021
8601830825
8192662015
8703972105
8800176894
8709154377
8398159209
8709472184
9001698330
8484096897
8623518169
9014890954
8531397227
8630721128
8537777436
8923611150
8826131250
8826722907
8540958013
9223467184
8636314508
9226475725
9308166529
8642664132
8642889895
8938064727
9138422757
8652118420
9240148173
9321100224
8845042884
8944215538
8653385570
8847564740
8850248314
9329909528
8763031771
9333271719
8957377661
8666935961
8668171053
9064228059
8673769489
8674868304
9067018568
8583276953
8870190399
9346300168
9267526615
8679663477
9349778303
9350335320
8682992851
8683268410
8591062916
8785667060
9078878446
9358677848
8981096987
8883827704
8884319437
8792238794
9400806732
9084873710
8697379233
9368204728
9190740507
9369381087
9290245019
8894136778
9379025996
9379677007
9618752067
9909202117
10012052377
9913634802
9914516532
9919239107
9720066533
10017975635
9398368875
10019295748
9921229640
9822910211
9532352220
9825439000
9926167137
9826178393
10105106718
10108358800
10029697552
10109375090
9644966393
9936214722
10114220985
9739587747
9651615941
9653646762
9953024612
9954054192
9754862736
9470567410
9565543794
9955965019
9571081268
9571538935
9671138010
9763942106
9673472011
9765710487
9767103846
9867633167
9965484407
9681731636
10073745128
9686249510
9493366135
9687718684
9493915967
10201124522
10202838330
9698428185
9791829714
10213321678
9998994162
10315399013
10183114892
10810015675
10711934804
10233141674
10426976617
10197141481
10624364310
10724115966
10725481178
10904626896
10245803022
10729127071
10907377201
10732093712
10253778416
10913867200
10451903063
10642342076
10643751394
10744928156
10921326027
10264266897
10264469182
10846119965
10648375898
10361484408
10928360552
10554431809
10930079160
10930233363
10277895981
10936322919
10936645994
10474054779
10764117306
10939715827
10475544811
10570398636
10945348608
10481300305
10946854771
10289630678
10773729748
10949704736
10950219506
10487211959
10776662926
10874530380
10488864207
10679009853
10681304328
10884326770
10498412168
10687940899
11005326749
11200663474
10592840924
CPU time = 6814760ms
Absolute time = 1165205ms
CPU:REAL Ratio=5.848535
10969118843
10792973842
10894279782
10796120007
10894604958
11207821042
10698462960
11017141138
11211903553
10978167835
11020274444
11305924927
11505864380
11510031303
11121238954
11411081900
10991714176
11033464963
11416887916
11229681623
11421574606
11040392636
11044214035
11046983000
11332115492
11709269735
11052230133
11434429502
11437327985
11343289797
11549466012
11355037885
11554409102
11456550129
11076947487
11459863030
11737734460
11660316223
11660830530
11742120588
11466046724
11744784806
11372578228
11470693746
11746875613
11375665251
11476325702
11676135962
11191681407
11758530926
11759504222
11759749035
11193863768
11387604615
11394942105
11811793159
11907301467
11909137690
11599875348
12010194142
12105972896
12303436073
12403466804
12306014980
12307345672
12307396818
12209360037
11919751449
12113451580
12113860955
11934376783
11937363352
12427694498
11940665780
12134814010
12431590405
12138307517
12138986739
12140198654
12436863476
11947982769
12049801557
12141730132
12339104354
12519893348
12342948361
11866508181
11866941405
12154907766
12350325698
12253494249
12066102256
12257584644
12069758008
11970528269
12164814885
12538381015
12271927347
12370382617
12472659481
11894070949
12085583719
11986251580
12479680125
12184303328
12380992135
12094470260
11994221951
12560229478
12187481411
12560318817
11996612336
12192981104
12802309742
12706342134
12902709382
12499881982
12578999503
12715452694
12716058766
12585884914
12631217109
12920648235
12596235856
12641447422
12732955748
13023358696
13026335791
13224492085
13305063400
13305773536
13031187196
13306337275
12842258432
12659667477
12849465259
12943018522
13316924381
13317308499
12852681008
12947538554
13245067728
13049385813
12956518244
13055792174
13056009154
13253592667
12765781180
12677500358
12767694507
12767971843
13335547710
12772419917
13160936042
12964956253
12775316117
13165817545
12693716012
13075839776
13176141210
13352155740
13355772540
12983759081
12985413668
12797637943
13087384277
13186785470
13089125960
13288007359
13365111278
13368653177
13418510591
13704808667
13381092684
13521393345
13522165680
14011828313
13390356234
13914713633
13817773208
13530135990
13720783637
14019004080
13442144818
13397485812
13725404165
13924659694
13826844129
14028543122
13929872773
13541739324
13641014196
14030188039
14107416590
13643632862
13456498124
13646902701
14111126381
13738694145
13648206626
14036910199
13651655937
13941859943
14041461338
14116669993
13465945063
13466476354
13946353791
13949490269
14052021224
13760681117
13761201372
13483308769
14137118359
13673044389
13674096548
13579168742
13489735278
13769423538
13491112158
14069036555
13588188871
13498116354
13976668811
13878979926
13687769231
13690901179
13692790970
13982527799
14157838667
13784758670
13788894454
13788981052
14210812671
13991280083
14092900241
15600189505
15500285179
15400874566
14174838958
14411334087
16700521758
15202684507
16103705154
15804133923
16105813877
14416004327
14416411175
15506588923
14181273871
15907980654
14711310988
15111899486
14811322182
15212776517
15313404166
15013119424
16014886095
16414882784
16415192583
16215294785
16115731801
15015617865
16816957072
15417590788
14518826206
16019157130
15819033444
15219442224
16119794684
15920756211
14921535286
14243772871
16422248635
15123329017
14723345909
14196804011
16024174259
14434173002
16823967156
14625447409
16724375744
15325778767
15626279890
14527125242
14927791746
16229130266
14438881200
14438994289
16830618944
15430986588
14631484109
14531818863
16631859135
15632423538
15432515892
15732974623
16433490198
14735232821
15334216894
16835167728
14635854486
15035656811
16237165779
14350516947
14637304733
15036580639
16337513817
15738213477
15238261409
15638702770
16538462924
15739645873
15539620137
14539503328
16040767486
14263226692
16240524578
16241888531
14265093404
16043306118
15443281655
14357197483
14266763350
15042691578
15145820398
15244429796
14362601631
16923949869
16924569672
16550064643
15750749078
14850775732
14751851267
14461042889
16450525487
16151008369
15851588601
15050984243
16352213473
16352429412
14366971156
15453694169
16852900042
15353224551
15156256045
14553919720
16655567354
16554874338
16454219058
15556124005
16356857752
14857568298
14557026282
15757604549
16658681742
14658161106
14282002850
14558908652
15359909420
14283194683
16159587854
15260749532
15260786244
15261974349
16063977952
14287853052
16164281466
16164512266
14666041438
16764787316
16166693421
16466554940
15368048598
15867612233
14479534028
16870180019
16269778725
14384713006
15570328995
15770157512
14972973358
16771746549
16373221857
16673071633
16571207475
15574506171
15976369411
16375424015
14391016715
14299491220
15778154008
16080098871
15579549325
15580139632
15079264266
16579387621
15182791191
15482006043
16382958668
16181625333
16580849307
15582651733
16383471562
16383547765
14397955416
15685386986
14398726145
14886389663
15187214158
16186598630
14789283157
17011766617
16689887747
16964419097
15490271548
16965370879
16965660830
14892293767
16590571046
16292497609
16967540527
15092973518
14694367496
16695251424
15794911402
17109474887
16971412879
17020254301
15198873403
15799017274
15799899471
17800946083
16975877223
18701243756
18502442159
18702329518
18402722063
17212141743
18603650529
18004782732
19303724973
17607149710
19504385504
17907179578
19005435914
18507080438
19105658559
17031211959
17217569790
17311223447
17312441463
18109901888
19408471131
18610507535
18311831098
17413277524
17712988919
18513263645
19112161395
17316132276
18813493237
17415798127
17615883582
19613922994
19414259331
18815546150
17717810442
18716121009
18216566765
19514592901
18018441194
19117835783
18818488124
18219995437
18120065670
19419931508
18022033636
17043872490
17822057650
19519145737
18022677109
16997246481
16997538947
18023040599
19422020437
18623348579
17524666157
18423538895
19424461678
17925943952
19025573249
17236559960
19126296325
17237596824
18529189601
18927525564
19327583557
19705331609
17531945329
17531969178
17334109705
17334128202
19430895338
17833599017
17735299952
18633957585
17735820893
18236583338
19536083494
18937261522
17341925540
19715306607
18241040240
19039132163
17642996912
18143277609
18343117025
19041615820
18644675989
17066265009
18045590345
19244751155
17254560485
18646801255
18647254153
18647493388
19447367161
18747270830
17257629210
19148930536
18947673489
17850461542
17451484728
18150677467
18950194190
17652582302
18851917264
17355964639
18653779778
17854190995
17654653325
17954546696
17076729139
17756424525
19455366170
17168947913
17359503157
18457044539
17079954722
18658628554
17859274858
18457780138
17460117969
19558692835
18561119156
19058697554
17364155661
19660335535
17661978913
18861440968
19461305155
17270786856
18661925187
19162152544
18064206085
18362360089
19740886361
17088209979
19266538897
19666379151
19064961029
19743125435
19468216033
18468189856
18668785024
18669415458
18869620162
17871471146
17473479715
17872489117
19069220949
17474204904
18972688131
19573131838
17186767918
18174218977
17875031549
17476883701
19175409480
18175835285
18875357691
18475243922
19575710021
19575862430
19275988980
17677954367
17578913571
17879175909
18376488822
17579852512
18377178972
19755545939
19680041067
17384352229
17783912611
17784066922
17291946912
18883502511
18983453166
19185242277
18485197294
18485677241
18284437150
19809058600
19761978297
17393521824
17590812891
19813401087
18491283894
18790043171
19814156890
18691072318
17893395761
17893872708
18692095801
18194229468
18194534846
18596112633
18693060536
18392798929
17496722435
17796724795
19094568152
18695509195
19908907564
18897374299
19910368045
18298009163
19912465465
20501534850
20009448713
20901411163
21101073329
22300593783
19776676588
19777183059
19916323007
20705288506
19826045946
20706035731
19780434571
20607343474
21905621531
21406683652
20908590946
20210226825
21907615831
20909352235
20810117213
20610950944
20311192909
22309127196
21810593542
21012639109
20713923961
21912735724
20814599729
20414994046
20314634325
21115226177
22014650792
22014976601
21516840506
20918274698
20518741432
22018071013
21219012824
21018256836
20721262411
20031292340
21123073615
20524116668
20524553988
21923611821
21923939219
20726127798
20528069462
21327504512
21127712111
20928158575
20329591007
21727699436
21428891820
22504077793
22327765132
21728660673
22426758544
21130363143
21330260279
22328905155
22231495631
20732190781
20932327177
21831516212
20333126377
22233069850
20138094821
21033094614
20935163077
22332038463
22235173291
20637189303
22137737446
20838833968
20241598635
22038867889
21839881754
21241436617
20146263801
20146701992
21641121627
20943745971
21245065774
20945539682
21345074423
22245783781
20847120327
20448761610
21547071612
19960147057
20056488288
20949726452
21350334783
20155955487
20751166136
20751230726
22252152575
21750875767
20954002713
21353461448
20256634092
21454649748
22453295781
19968685769
22453376175
21857718723
22058426178
20757880233
21358495991
22455938857
22060063912
20165441881
21960334383
21659920451
20462821395
19972392673
20069745290
21560421746
21761072929
22459191816
21163236843
20563845859
21464393410
21364882522
21663420079
21764067246
22462088092
22065640079
22166714431
20367189555
21066600093
21867085665
22364690192
21768155379
20272455034
21469921884
21568861271
21170120234
20971127280
20472415368
20571373634
21670117304
21970553110
21472620489
21671899292
20573391230
22470668427
21874934931
21574221920
20181119725
22549995478
22374396181
20977674404
21478046603
20878623548
20480172460
21078872779
21079351789
21777941717
20380626892
21279779722
20381281075
22554764805
22081956166
20983178170
20781632759
20188047651
20285862871
22479212993
22606624096
21384806374
21686508494
21087768391
20490242020
20689181404
20889644983
21890302844
20492487305
21290387323
20293440159
21290658256
20992499982
22613248580
22291541417
22488415018
21293435953
20296434023
22196573473
21695661322
22294976318
21296334101
21595805547
21696720039
20598331327
22572307104
21499044573
23201657891
21798725627
23501911634
23901010439
23801218947
24401988245
22498567117
24903338323
23506687925
23306177167
25003706782
22716227459
23606934291
24306013467
24606956189
24408013139
24809724448
23810446400
23711346811
22916389432
24112412841
25011539110
24712098870
25210022801
25210347080
25210989570
22725611219
22821282983
22589401327
23216454188
25113795975
23618137201
24616009586
22823926567
24817064163
23021623779
24318368526
23520239727
24020850595
24918852841
22926810789
23721722136
24720708456
25119168395
24620985526
23423441531
25021592212
23323608512
23425310247
22831421053
24923311534
24026891398
22932728344
25025181130
24826615875
22647190327
25026396047
22834409825
23530468790
23828619178
23729298822
24429610751
23131312850
22742196153
24530862553
23633012837
23831719011
23334575233
24632820150
23038831538
23537164156
25034518698
23637577563
22748381430
24138115559
24237956802
25236170732
24439677185
23839092241
24738444465
22750265666
22846487393
25315111473
25039784956
24740602357
23443358710
24143949741
24444460890
23048228221
24844466656
25319711318
23647149775
23846700420
24645040142
25322604783
23949766455
24748374872
23151710427
23749983408
23553246236
24451799019
23553488806
25149643884
23654159633
23554451949
25327876190
25151069934
22674552168
25053319656
24952605655
24056053452
25254380924
23658982231
24857562545
25332197058
25334282731
24259988796
25058395914
23262153546
23962528879
23363706219
22774981156
24064337374
24165334355
22871764466
23469076842
23868139234
24870064735
24270785508
22781435400
25344946711
24572298676
23077244720
24875408925
24275340884
24673291498
23476801907
24477586420
24077330761
23481160527
24578431869
24180342234
23282313299
24678670877
24481842074
23284010572
23185706707
23485753575
25403400070
23585123210
24384244921
23089221924
23884912814
24683854048
22797846761
23689568713
23690837741
23190307794
25500196172
25363650564
25501331271
24987721444
23591094860
23591498440
23991967964
23094202656
24090666539
24892042448
24990246095
25289343498
23791981827
24593781798
24295595289
23497994948
25701442109
26500609070
25197244465
27100182546
27301651693
25708756477
25299581020
25423959485
25299995570
27800830308
26305282229
27003457868
25516338145
26904475371
26605129958
25711093810
27204822417
26706410332
25380634966
27704022788
26108533405
25519761126
26110077519
26110143271
26808751786
27308527907
26710528944
26510623105
27708621151
27509290364
28008210561
25617957567
26014849508
26413648735
26612883786
26115240630
26614317888
25435925830
27513536599
25390593879
26517125519
25919064701
27018388065
27018783066
27317598994
27617672598
27417725779
25922004234
27318670287
27517861290
26920537042
25726252542
26221762541
27818602404
26921721274
26822805869
27322278683
25398117298
26526203067
27723183531
25828269899
27225879152
26028758824
28023070264
27924257309
25829562075
25732824391
25634259836
25830634107
25733783561
26628706121
25449334210
27030299333
26830313605
27728131378
26231627032
26034018513
27331514863
26135729523
25548029980
27634570068
25838515597
27934198677
27336522095
25840369738
26539989508
28035754776
25460154385
27637654757
26042353673
26542259328
26741324028
25942469722
25461512274
26741752338
27141249016
26842338419
25943668943
25463153893
26942174746
26343828125
26146201001
27541066579
26944652965
25847870820
26946540133
27646295708
26548835282
27745335706
27248905757
27746785212
27348276446
25951799504
27350204976
27251749289
25658045341
26252774121
28126685740
26553577727
26055153515
27549698660
27851352207
27752236603
27153609950
26456665854
25859993143
28132994354
25763801005
27658359565
25481437307
28057334469
25666509450
27261352029
27263091326
26863898788
25768315368
27263593947
27662356639
27264460245
26265300805
25966727694
26766062582
26766303805
25866804603
26566462950
25579006583
26566646834
26866613042
26368269511
27665535467
27963922313
27268896429
27467681765
27768435431
25973889935
27669456831
27669706062
27968078361
25678917165
25679242465
25874631164
25976186792
26275675347
26175037763
25780137487
25588510874
27772881415
26077577061
27176190943
27874583035
27279320863
26580213623
26478873884
28201705130
27678295889
27081576832
28156047952
27181579867
26084497693
25986171285
25596565289
25885109985
26982921455
27185356496
26586031208
26984874113
27883314137
27685725701
27188516169
25992346212
26091332472
27190489734
27688811213
26292100753
27888138391
26392501791
26989666177
27488755093
27488807959
26292485784
26490000662
27588645440
28400125236
26693339617
26894721841
28400754077
26693789747
28169969704
28307990171
26797398596
27794258362
27593083799
26897008870
26696137652
28094578262
26099895068
27198501701
28701063228
27498166087
27897494138
27597088664
29600296269
28703201574
29800819923
28176886629
30201215997
28605121252
28805177602
29703745600
30302521560
29005284346
30103295200
30204110217
30702409343
30503638091
28608279542
28180804961
30603659815
28413662120
30405878391
29408812829
29010607035
28515329199
29610149460
29011199271
29111016396
30409407048
29610898274
30410442051
28613830169
30809186027
30709496637
29912181630
30411064309
30311598047
30212829140
30413185120
29115525368
28616650463
30812458434
28817111744
29016829817
29117182871
30514555844
30814704704
30018674182
28425244682
29320615031
28241527460
29619696569
30618658246
28723620137
28823282318
28923753474
29323673920
28337290935
30821001595
28625936087
30324588559
29725250047
28249208544
30225892506
30902407494
29329709800
28434506292
29030128124
28434984153
28251715968
29132195380
30529245579
29233533441
29433736907
30908057716
28934677582
30333216864
28256027321
30036428606
28441648787
29634903040
30533240218
29436427986
28936741730
29037926720
29038350985
29438801985
28352604294
30736086666
30536720836
30837961096
29940356160
30638593482
29840922943
29342477741
30141046326
28745341980
30043711462
28548328482
30044813006
30918684582
28449951774
29445725891
28267556232
30643898723
28452020869
29946732239
29148725414
30545338326
30923648826
30846540519
28271375441
28271796405
29849371210
28850335642
29850393093
29950004398
30749925561
28557642848
28459273741
30452368143
28955243602
30252586649
28559734608
29754455035
29956583469
29159278333
28660268905
30357947402
29461110451
28663506659
30557984786
29861093457
30459960387
30159967735
28285270962
30063949550
28377579527
29661586973
29963170196
30762367147
28568736735
30463810421
28967168337
30067014654
29467601301
29664944387
29068389273
28671737827
29869476952
30767119897
29069375391
30267435738
29069697745
28971405986
30268867199
29669002376
29272868786
30371149038
29274744744
29275361961
28874524706
29375698179
30570827829
29773780070
28875209552
28481247551
29876176120
30175112657
30076673705
28580866382
28679628074
30275923186
29977901887
31003086049
31003289441
28880784790
28486199966
30379852162
30880477035
30279935772
31004585817
28984609264
31005533626
28397900068
29083926262
30084814935
29584741386
30581120724
28885608851
29286864577
28591337714
29389271861
30488579938
30188755216
29090541378
29690058499
30093959918
28499993914
31110162879
29497464516
30495186411
28998603438
29498780455
30593371647
29099480004
30595609247
30975038932
30199311009
30698746070
32301298978
32800118095
30899353805
32104391605
31119215353
30980295264
33102803761
31120366070
32704564121
33204076247
32605929897
32705793165
32807518793
31810771375
32907427763
32110233945
33107365460
33207717530
31612327747
33208213378
32609212655
31711812879
32710015927
33607868226
31217469934
31127304215
31128768930
30990261607
31617275180
30990403295
31222014358
32017306285
31038538714
32017600580
32515776027
32515842532
33114503763
30992372805
33315395934
33417001413
33018012595
31225325289
30996334600
32721715474
31525890168
31826696816
32823316475
32922301709
33321138505
33122451930
31527759442
31428987103
31627204369
31139745187
32624742630
31430720462
31231762911
31431555074
32726655309
32827814774
31929035511
32627793352
32327732050
32528025764
33427313462
33027129083
32329448724
33626021695
32330311612
32830920116
31633358564
32034170548
33330506616
31535935214
33132709615
32834660657
32036223089
31736386772
33631408487
32635153093
32934439420
33034226038
32936280765
32437352666
31941686324
33636570031
32340561290
32143029347
33338094907
32841962165
31446531879
33440512480
32541995278
32443211609
32543478094
32344172609
33341998431
32645114390
32345469816
33642854986
32049488117
33146046093
32150560231
31951726949
32249261949
32051607510
31353966650
31952327777
32349675533
31952874754
31855057044
31456596928
31356068227
32352368934
33650430767
31170775316
31757037816
31859224949
32356206809
32957179531
32558243824
31081163649
32160285748
33157558215
32458840289
32559479079
31863529664
33559252323
32360402405
32063119400
33461546607
33739185420
33461833704
32762861156
32763591256
31368422805
31182532065
32766473497
32169584767
31184428147
32268083591
32569355338
33467764318
31274864971
33365793632
32470376910
32670593568
33746742752
32072875729
31188243214
33471228135
31480004664
32772850305
31279005944
32474530019
32973863216
33172972746
32775382443
32077709549
31380689228
33175338034
31780713987
33478387452
32580941211
31681014767
32881285273
32082169100
33757251948
32882816179
32482236093
32583132741
33281657970
33806062626
32783532553
32784963251
33184182443
32285522898
33381055757
32587863523
32686835409
33186335574
33087651361
32389505169
33384718600
33187884046
32989149053
32090870951
31296753194
32491652455
31893783049
32893210757
33388839599
31596647433
31299540647
31997448867
33390900904
32395797467
32296528153
32796156584
32997584665
32099065590
33297655854
34005273700
33821999699
34501546000
33498218217
34105092983
34502125965
33777053764
34305979133
34110076676
33921661120
34111891200
34705246854
34013799054
34310106102
34213073410
34014796028
34312177653
34613614978
34314154556
34516258680
34121838460
34023435756
33840661536
34915860575
33841015113
34320851300
35014562856
34225587779
34819266770
35016382190
34423565526
33940596730
33847315134
34722463799
33849729538
34233355066
34330648110
35104229930
34138105384
34038703992
34139633219
34931976625
34638950934
34835587642
35034769801
34245284758
35037584693
33864292108
35118250922
35119633886
35120273471
35043813530
34449642872
34449708792
33966342140
34651747189
34456561210
34161784689
34457774160
34063236239
34560798745
34459621148
34360458737
35056214811
33977592085
33882006974
34759101275
34564469197
34169314813
34963487878
34568558392
34270074599
33983796148
34468003814
35065035949
34670213548
34471025054
34677479426
34875172196
35200154406
35153064406
34580353486
34585287525
34287829738
34092563916
35210150960
34293316615
34693158360
35094864525
34497851469
35601240482
35700055944
35097962387
36100698194
35903655453
35178221233
36402280831
35906052812
35906613817
35710085502
35614534547
35812290022
35416104148
35416269118
36110857403
35417723360
35421125245
35718918927
35623299039
35623411793
35424490884
35425321573
36020812656
36418598889
35625809477
35722446497
36320442185
35922429541
35626642831
36420351679
35429005483
36025299801
35248841022
35532241149
36128881206
35931682742
35635772387
35253332744
35536564291
35349483868
35933817921
36431868083
35935263461
36332808361
35355437381
35356570541
36240159673
36441238128
36243161395
35847059689
35653182292
36521925006
36522042335
35655658633
36151591025
35368587624
36349995704
36153589109
35659811645
35281765099
35377913860
35378009723
36358568164
35961991578
36459040821
36359660820
36061588268
35566451355
35285139459
35668601036
35865026457
35381314295
35287376199
35569540432
35288926239
35472269750
36465925586
36466060738
35769804441
35770286469
35970321433
35771982633
36545367398
36072109975
36470941423
36470985322
35479404250
36175040696
36178061174
35582602612
35484382949
35981764125
35487680487
36183606580
36481696603
35785108480
35885444139
36185289487
35591560363
35787904846
36707231744
36564029088
36613434378
35794828851
36097272850
37100889697
37201357194
36623221751
37404178765
37106567204
37206377007
37507232928
36914986951
37607467196
37607621608
36584747935
37312702198
37413865896
36636211985
37612192105
37215112300
36820983609
37816610682
36823940186
37716335626
37418399418
37617278593
37523775825
37721333708
37622297224
36744947873
37327370575
37724800390
37724858997
37031353927
36747734608
37726717422
36749398146
37034026861
37728069060
37829993504
36838226884
36752788084
37435043003
37632658642
37040582031
37338363286
37912126152
36844831660
37539386307
37916223725
37241539156
36761992933
36947963589
37547197747
36952968253
37644996819
36953293213
37248654928
37550338310
36673789250
37153181207
37354773116
37056605559
36959349638
37650939194
37254513200
36676395119
37058840487
37156399742
37156580668
37256320550
36962315485
37158426448
37258509939
37362240503
37465295430
37863209385
37566136864
37865691395
36691073787
36874720665
36976110632
37945930320
37374688495
37947543150
37770563000
37770609922
37573259573
37948674700
36794635474
36794850935
36980507067
37079164396
36796069506
37276210625
37379085397
37081290132
37775775899
37578315616
37084235701
37085781224
37882114536
37782421800
37682120395
38007675515
37588922940
37685676463
37093542569
36996988276
37592227756
37394306480
37791025888
37096331283
37893941676
37198006908
38500492536
38020498567
38501230394
37898504493
38502242565
37299540774
37697685734
38023724999
38405186159
37699279395
38604087726
37799942046
38307589568
38507330555
39102234791
38509588479
39105152224
38033984464
38911799495
38217778439
38517325851
38134712119
38136385591
38221500595
39016873950
38520740543
39116214591
38138786558
38620567380
39019313071
38919671620
38819894886
39217517880
38424667424
39120043251
39023307526
39122016909
38145038185
38726121790
38230238356
39301772832
39026523366
38049469812
38727964832
38629246398
38434092602
39307231380
38434642630
38932491796
39130779588
38238220350
38154592390
38538275578
39035785547
39312718727
39316237924
39039817510
38245478080
38840392933
39239290789
38645106960
38349313061
39144360869
38448444389
39244069866
38352984818
39146656364
39047387372
38253159893
38071015256
38749736783
38451673313
39326174016
39150621657
38654044830
39052669069
38853692116
38262437852
39155764306
39155823172
38362740479
38459507224
39333276625
38179867462
38264187515
39256862041
38661551780
39062100740
38466279959
38468948759
39168369199
38970352009
38193134915
38277558000
38673641211
38378879601
38975489766
38198209706
39400468828
38779417053
38480701576
38980417476
39502396268
38782807859
39082497212
39504228909
39505834851
39183720963
38392615915
38394615782
39286906816
39287293969
39514215095
38695511635
39700162934
39418315774
39702090866
38798937098
38699292142
38599682135
39901528309
39424207552
39706485957
40500694712
40301089471
39378128507
39709465262
39906041778
40205409591
40506893526
39529500757
39714104560
39910897424
40010041829
39385505654
39716385779
40011558719
39618933352
39917263953
39438119525
40216315098
40221021658
39823008950
40222651674
40324416177
39731681766
39549813880
40031675461
40431781104
39554180966
39740318985
40536228313
39840296135
39745494796
39563067511
39648329511
40542021999
40545109861
40046076208
40246966237
40346261455
40723075506
39949499846
39756321084
40724453302
40646853827
39473889482
39758837546
40452793943
40453600925
39659709979
39856555067
40554250435
40455999587
39578480099
40653174486
39663147008
40157730733
39766273458
40657710098
39484747220
39864452463
40562231648
39585725015
40363750373
40660429377
39866519914
39491038775
39775191529
40664570849
39970255635
40069387132
40069546288
39872607265
40666318110
40371420038
39494829090
40667762488
39496165909
40670696154
39597178299
39976210885
39878367603
40672900394
40673004274
40800947743
40754207050
40480175424
40802123339
39881623632
40280312819
40281413238
39885383280
39886624005
40807530426
40086980453
40909789417
39792690318
40910749723
40488994084
39890306365
40589053601
40686061035
39893319489
39893565356
40687624058
40092139531
40494433143
40193901223
39994883018
40297185212
41101754985
40197319111
40398327888
40098517164
40774684586
41600067844
41105082775
40696923833
41303619109
41303776083
41112344162
41609654206
41908830296
41610611932
41314216431
40936071774
41911675085
41715759265
41022225643
41517030407
41219522944
41222015096
40797900754
41127914274
41224268395
41623972599
41129400558
41226079992
41031354601
41526537549
41527920330
41035820054
41631082203
41232774530
41038808246
40859383087
41838747936
41143813642
41739125567
41145246430
41941004140
41842690336
40964838997
41443745279
40866858928
41444299812
41844957452
41445152024
41445981061
41347201142
41847349280
41053778270
40870426869
40970046251
41747736427
41849188679
41055771412
41551785258
41555536924
41061169901
41555847287
41654258801
41856182020
41755687278
41656070533
41258176880
41858191087
41657735183
41163744038
41166156815
41961146545
41166822467
40885998958
41962030203
40886375942
41171201729
41171511854
41966682605
40892845176
41574131584
40893666436
41971688833
41672842025
41177367820
41974350791
41976124490
41878568643
40999792856
40899791455
41678287412
41582192457
41281373873
41381114113
41088774634
41680613466
41586440622
41285448611
41785679858
41985165804
41489377078
41689545954
41098579582
41195104010
41792469585
41292828037
41294905963
41295831043
42702372249
42105540183
42204322330
42604249280
42404328681
42206598654
42706156753
42110155205
42509048964
42111509109
42210326589
42113004059
42710790491
42213237791
42016605715
42117559993
42019700372
42517390732
42219101383
42621280510
42222418943
42523402231
42226982485
42129777578
42628230151
42329570977
42431080159
42631207359
42730331334
42035548217
42037242852
42634056378
42434283037
42733727326
42733982443
42141382915
42343288557
42544386661
42056497432
42056804527
42458617613
42658664241
42162260137
42163230976
42360275361
42063544392
42559109040
42461268532
42362934486
42262911483
42263004115
42169209998
42269256423
42173436606
42074448191
42771076878
42780170729
42486854136
42390397667
42690518892
42392468158
42787784274
42295060330
42199555267
42596939189
43102136203
42905886276
43205774098
43007853870
43504067291
42813163627
43506829736
43410307726
43411849031
43215308433
43315838123
43118051033
43019113386
43220387251
42923659974
43519355492
42828854539
43225824908
43522776419
42830818921
43425184968
43328901582
42836845494
43034977586
42936725886
43529600594
42937306664
43037863732
43532414567
43039390099
43242122419
43048315979
43050451647
43250460543
42854475416
42954458590
42855144683
43253465369
43155553753
43058914247
43457101948
43359956754
43064630806
42966505824
43560507507
42869306088
43166444487
43071149744
43565800269
43170256232
43467387733
43273176114
43470502614
43175983257
42883073994
43578377063
42986216513
43084631279
43085285385
43284645690
43184533710
43482315655
43087742400
42990533371
43093168153
43193628519
43097996090
43702176186
43496015577
43703368325
44002585893
43806282757
43608783936
44202997172
44007970382
43909941270
43811580363
44207281000
43714365014
44311488615
43917586189
43917950219
44315100762
43920740271
43723233379
43822858350
44021426519
43823386882
43825664229
43628153315
43828517578
44125456414
44127350264
44225387501
44131301212
43638556174
43638560143
44332529965
44139064109
44338786785
43747772637
44045664881
43849049840
43947732430
43753501560
43855559629
44246892298
44052773514
43953594496
44153445680
43959530603
43963143301
44066623376
43967139089
44166693388
43671943322
44169710648
43873006506
43878326983
43680255375
44177375474
44081749320
44276601945
43785931534
43686396073
43886267221
43790442778
43792289263
43990643291
43992243092
43795439222
43895102656
44390923425
44801602101
44296299058
44605196784
44298362778
44298556087
45100200630
44810287239
44612746447
44613396825
44415523448
45007914314
44714219827
44915646312
45109481365
44918976533
44724256186
44428565441
44825748365
44728476706
45122226828
45024439580
44831322652
44438611903
44735630007
44735724125
44736703896
44640002521
45032931829
44938357340
44644105789
44841697223
44644299093
44545886063
45038131074
44843865825
45136704650
44549631018
44451678330
44949887248
44950903015
44657012013
45146545648
45049425558
45049645875
45147476529
44954227686
44959870489
45153437137
44762651950
45056959657
44569112497
45061793934
44472540405
44672687036
44573012863
45066028730
44676412442
45166388312
45172659737
44983999181
45079544883
44590320954
44494147065
44891576900
44894649915
44993499334
45302140869
45302753859
45403799541
45405559078
45406067242
45195240783
45406868711
45506413985
45410006158
45312905340
45315650934
45221060476
45322912636
45623252189
45228528152
45428660392
45918221100
45331406767
45727934894
45923995074
45436182812
45925682959
45926901537
45636654892
45440186387
45538635078
45940175003
45747928643
45354100336
45551318262
45846850124
45357663502
45946684871
45260408694
45757985050
45558823773
45951769725
45661003859
45465370527
45663153986
45269085365
45765692037
45566070548
45771513070
45771846917
45968017833
45479665369
45480699181
45382064059
45383287717
45981357305
45789622496
45495083747
45887408841
46000830702
45499400086
46006060198
46006687741
46010827958
46306773180
46406547362
46702464222
46312234346
46705285632
46019051928
46219711386
46317251848
46709219362
46610459259
46610595529
46522927613
46617139947
46523872846
46425998168
46033959004
46038318807
46625818641
46435387173
46141263836
46729635716
46046451021
46343395349
46247898471
46049722073
46149285043
46052004191
46254719881
46551213209
46157708313
46555271112
46358435189
46649958228
46263198174
46751883537
46267124210
46655052916
46565534859
46658636584
46271767493
46272270912
46568357093
46273789782
46661491630
46573474161
46766688836
46574785006
46086972787
46087446718
46775540149
46777899388
46587627769
46681997867
46394878739
46099281550
46593828151
46786187563
46790273892
47102511276
46906628126
47008425690
47206117845
47011172672
47307491333
47209577745
46799751880
46799916330
46816140361
47214123803
47507554181
47410532829
47022974919
47125052590
47030769096
46832714112
47229184771
47131128010
46834800665
47329178210
47035679549
47525330274
47426171678
47241409635
47241666082
46847315038
46848893848
47148930387
47053413627
47542092999
47057990381
47258219666
47547541279
47160625195
47359506218
47167796271
46873334550
47271897714
47272100781
46876335398
47563940382
47078258920
47375143268
47278919160
46981967525
47376804963
46985642496
46886633017
47572117611
47088076062
46889799968
47189705468
46994777845
47190421732
47190632254
46999538840
47587251065
47901271324
47489024088
47399867134
47591379522
47592079390
47808331695
47808903511
47908870580
47811268416
47712188897
47912565393
48203463458
47718676398
48303532271
48304384080
47822057731
48019481020
47823259255
48019813260
48021165872
48125272777
48315941708
48217964854
48127084911
48318628526
48220719594
48130704244
48131429000
47938361132
47940700354
48040927590
48138722331
47746681811
48330620615
48331883957
48044903215
48234991176
48235294770
48047786786
47948817052
48049618762
48337559643
48238794155
47954196798
47958405228
47959873560
47863400707
48064779015
48064800585
48255172202
47771473184
47772793185
47773204269
48069305286
47776688843
47875896185
47876306264
47973945653
48075366526
48173825643
47883229602
48181080071
48181886466
47891577669
48276274479
48277420176
48092377885
48381071859
47898199112
48096824549
48602926074
48604394543
48389120909
48507084827
48609502524
48510714112
48513306321
48514714709
48398575754
48812410598
48714678170
49001763198
48911999565
48912772324
48619604583
49004733389
48421098434
48620465444
48914560550
48817576887
48624068921
48525432366
49016150312
48731281223
48535830198
48831611441
49118293071
49023212534
48737710808
48649757973
48848760976
48750914175
49037195052
49136083178
48456754356
48557828981
48760960020
48763498710
48766260564
49150871081
48962699318
48767229538
49152063271
49054463009
48868341152
48772597159
48872055615
48775566341
48579480112
48481872006
48975640694
48584618646
48881310179
48982754809
49173022698
48984767306
49176913480
49300570982
49500439216
49204097373
48996604684
48996767729
49088308166
49186530225
49209838721
49606316243
49411038751
49513240248
49320904206
49323586996
49522588259
49622920668
49233810434
49234185853
49817839278
49631655220
49341986163
49539613328
49242523448
49643344370
49929905960
49352585674
49451383169
49353762217
49553357568
49256583341
49257241643
49938348913
49557402869
49262940365
49659225620
49562385430
49944342813
49847063761
49757026226
49946935989
49268900469
49569108461
49853488315
49668101120
49858643249
49574864619
49861050646
49771155167
49679543970
49681552934
49387429126
49586885668
49782819085
49686174590
49971017119
49491456257
49294062333
49974694344
49295455406
49495212010
49499269579
49599510374
50105524722
49985223154
49798327218
49889516511
49988471827
50501763879
50210461614
50309065854
49896168663
50409657176
50411835987
50317346806
51500416844
50801286034
50601784661
50602007218
52302639574
50021699106
52603668459
50604605552
52606390473
50906582052
51006372946
50707196350
51108569033
50227595657
52707557861
52408979338
50709663136
52310180946
50810489848
51509890476
50128861978
50811296778
52710156972
50812601401
51213467013
50232533774
52614137544
52515209572
51515273804
52616020546
52016217919
50528900820
52417500550
52317994646
51319289697
50917821373
51818281353
51519245358
52520433730
50620536378
52119786181
52521171166
50241251084
52423267192
52722259883
52023580883
51023015834
50924708895
52424931193
50925079500
51725484150
52225337216
51726642318
51026198209
50441439555
51128314375
51827133510
52028455076
52029210085
52629722787
51430454837
52728429148
51430631921
50146798083
51630815801
51330674987
51130781252
51729961990
50147794924
50348373152
51831362500
50149277921
51133476221
50051893879
50543865136
52334455520
51434837733
51234735157
52233690531
50734788545
50354233310
50637855746
51038311431
51240019025
51538855642
50739947188
52740457378
50642863540
51041792388
50457117244
51145110234
51843819652
52645569481
50744456712
50556168334
51646638212
50362264150
52144309597
50745988826
50363626561
50266336065
52746212612
50266744196
50165147707
50364814193
50848627048
50849161551
50849410195
51650457052
50748875561
52651562522
52051753944
52148961757
52652844734
51453030270
52252201389
51853720505
51656550159
51755060795
50172853536
51855098432
51257557319
51156943814
52356677768
52658703259
50858104571
51556579566
52155751612
50658634122
52559977217
52358399858
52460142927
52460487610
52061013627
51862039794
50379911597
50476985477
52762315929
50965184900
50181347184
52665904551
51465440955
52567295717
51466912602
50765986756
50481436010
52166652002
52167687948
51272238742
50671299708
51570295722
52673189443
51570935572
51471738189
50772319128
50975131125
50487296871
51174628375
51774292230
51774944901
51377124343
52275513337
52679715992
50979068772
51477718242
50980317021
50099185559
51682945445
52780702253
51880627085
51481872429
51781600760
51482835546
52181387594
53201064240
53003079621
51986028126
51686545811
52385809576
50986753287
50499843768
52286372725
51084187402
52906490807
51989070033
53006018048
51489130060
53303394392
53008304540
50690688073
53401465391
50991319631
52090504154
52592237324
50789178727
53009098161
53208754062
50692641818
51089200347
50693541059
52595453172
52815438196
52494375137
51495330845
52817006198
51595091059
50795228098
51094676406
53311626430
53312285627
53410586094
53601807490
50798852647
53019011705
50799140185
53412674502
53803173410
53415092642
53023432715
55403103624
55502669060
53122365926
52924559153
53509308126
53223572493
53809141894
54309294060
54410523950
53811648284
55308219040
54310900111
54113391411
53326978129
54013162592
55012987369
55013484999
55112553172
53328553374
53425560944
54914315337
55512653324
54515473428
55413653324
52837883909
55116557764
54916555155
53234831894
54318567505
54121353292
55218319633
53722147360
54821156779
53523513302
53137435893
54123869690
54222897829
55619933201
53139542895
54323751798
54524566375
54624160533
54923314946
55522493840
55622371888
55124886744
53728021331
54826816552
54426925361
53628400770
53341824945
54326492849
53146487231
54132043800
55030767004
52950328450
54330718649
54431856144
54136669653
55332881204
53252799208
54735456168
55533619493
53446909570
54236969843
53352545351
54437680275
52859195762
53938950282
53057375524
54439017658
53840192797
55537127855
54041072042
54042284768
53060034387
55539639323
55441107416
54342117157
54742478659
54342470691
55042571792
53261273789
55243284274
55642252177
53262434314
55244366606
54845949932
53847424771
53650570524
54150831983
53750208384
53068530453
53950957695
55346924481
54650147090
54052232732
55648514761
53070847804
53554697467
55550638319
53368772914
53072850145
53955100418
54754030923
55651161612
53370718647
53856537977
53858754440
55654527998
54757688911
55256461398
54758669343
55059027362
53374967350
55458484041
55459408043
53177148461
53762330341
53377029738
52883575723
53563280273
53563342161
53377582826
52980107562
52980214147
55062120031
54064974294
53281507134
55163448460
54364176933
55363291189
52984624706
54365020457
55364266493
54365758253
54568946040
54168755897
54867354246
54569600486
53970735471
53672808790
55469943420
54471404849
55269864740
53091002342
53675259381
55171951102
55172307960
54673859847
53676949465
54874479659
54374420066
54077611398
52993585836
53577979654
53776771725
54976622773
54377909975
53880466325
53880535430
54279843714
53681761022
54280833901
53682504077
53682505790
53582553351
53682635414
55179818364
54481463800
54881393064
53982141537
54184560087
55901574413
53686152381
55283832116
55804034911
53985152786
53985193474
55805170766
53588259642
55485214239
55682989605
54387064427
55585745031
55585750473
54091987100
53989419156
55587856364
55587971851
53990763077
53893366322
55713515524
53793242146
55388538240
55589042782
55589487172
55715107725
53796305850
53994518603
54495504871
55914606803
54598085928
55718336452
53598883197
56012982958
55097190166
54598873307
56114226184
54397555406
57001174481
55499204050
55919505959
55697374689
55499932836
56017102753
56603898771
56404295948
56703818846
56404543202
58002433547
57304252738
58500564643
57304347913
56905523388
58302010009
58401619830
57205547851
57904843489
56121964628
56708156501
57905403200
57706351556
57506438088
56708976252
56907703850
57507820787
58007130401
55730584978
55928940602
56026682061
56911294793
58208914572
58407379996
58009502091
55733231498
57712360561
58309548975
57811821619
55734181118
56715278726
56914821667
57514561883
58311968194
57515179509
55934297651
57515740512
56325838548
56326180626
55936286282
57718947917
56820616651
56620672142
56329566710
58117287220
57519850578
57919290307
56722922454
58019188829
57621393182
58119001431
56237171162
57422143462
56332057701
57623103325
56238286544
57124057874
58021363787
56525702756
56624883929
56139162457
57922524037
56139518358
58322011076
57425270264
58420173013
56626439835
56427290472
56242203888
57227295350
57627799109
56430273865
57527976922
55949561592
57430922175
56046830913
57332968228
55754885910
58331092652
58131628021
55953100389
57533625500
56249935574
57833687456
56936738723
57535702306
56739536159
58035493202
57637128143
55759096692
57338144967
55958834483
56841083448
56541656539
57240938546
57839032210
57141260727
57341636304
56350331279
58140023087
56544391752
58040877512
56059745350
55768427017
57946110017
57347965155
56948581158
56751072150
57749014922
56164123893
56851383924
57847607322
56651745315
57452420256
56552831878
57351637453
58150366554
57454033963
56854777206
55873859630
56170319120
56070467577
55875535970
56758340714
57955304296
58553021935
57356894601
58154442602
57656737724
58554076979
58554121391
55977471089
56173673973
57759776836
55780983360
56960677943
56075603406
56664144476
56565228561
58559598584
57962782196
57065821740
56866798172
58163167341
58163270447
56966533467
58263422598
58463298184
58065195963
57668139815
56671379864
56772360939
58566985105
56184752261
57471087199
57471203918
57570087638
56573312307
57471767975
56186269410
57772502720
55991519952
56674196802
57773276889
55795349650
55992265349
57573533351
58272064545
57276404848
56385148082
58572513003
56385363231
57874729047
58076122496
57978983162
57181980462
57880041419
58279378400
58604651819
56197549541
57980983675
58478272108
58079936949
56393382812
56586701871
57485490799
58381092101
57087431051
57486711142
56395503070
58382797735
57387085743
58904594590
56589449837
58806618133
58806689061
56988670265
58285513179
57489630287
57788909310
57090738685
57489717284
56891597938
57690336059
58485008245
57989075102
57989156000
58288601413
58188940024
57391642860
58712919566
59007130334
57792337552
59107085856
57792749111
57393051189
56496447953
58911043793
58291340551
56897528216
58092007602
56995355885
58392251553
57296779726
58294039885
59300816905
57996019535
58914946602
57198361605
57199209565
58720451261
58916657151
59502382920
57898200548
59115171192
59304819044
60102115350
60502700613
60003563297
58625054740
58496570207
59118022094
59506460282
60702262592
60604035680
59606539036
60504662339
60105566915
61002435548
59120121147
59508688291
60703773533
60605726095
59020610373
60006928005
58923916092
59021134116
59907019350
60506570120
59708840656
60207204710
59122566337
59411434352
59217470122
59217571214
59217708496
58729671747
58827962088
59312876302
59218793817
60909084671
58929186973
60213154729
59614756057
60114691804
59416492624
60911262151
61408361664
61210058795
59915752964
59417753680
60215494757
59518886418
61311883700
60516317977
59226328772
59718972419
59227423919
59719705084
60417953576
60219139878
60618950254
61316608266
59230792524
60719454601
60123986363
60124673632
60124787108
61119637775
60224056136
60821983707
59427156214
61022410192
61219913826
61320828322
59926174774
61321532146
60126870371
60824556392
61024830532
59141036581
61423278867
59241283306
60231912313
59633652587
59933380067
59933656068
60930102084
60533119830
60930941073
61428056718
59735717601
59337269699
60932247240
59337965872
60136446080
58853084617
60435050747
60435057549
60536598285
58658488555
60835916027
61035885528
59152465646
59943276097
61338782827
60643385915
61042199809
58665793041
60245742073
59848109681
59447971885
60345962744
59349412003
60546850060
60547138037
61242378234
59161643005
60448377637
60250307927
59652026305
59853123860
60051275710
58868894356
61247694281
58969317188
58869429959
61348636541
59355887010
60052922423
59263071151
61350604851
60751780765
61250886636
59170712524
61054806851
61450855850
59458760023
59859998951
61056187687
60358531710
60857388177
59074456524
61356385271
58780279343
60060468733
59461504602
59762101801
60859844006
59364612473
59270625448
58782982714
60264104856
59866077776
60566020753
61362474958
59369589061
61161906763
60964624166
60067921136
61364743917
61263483472
59470242279
58886782950
60070075300
59278048439
58887226817
61067696896
61463734265
58987745346
60369594383
58887881910
60968060018
60669546953
59279572491
58791192660
60869793721
61367558989
60171739400
61367883451
59185833615
59773402910
59774466768
58892756562
60075630355
61373461906
60176840449
59678180708
61074574515
58797225435
61374782801
58698668099
58798617847
59381847757
60977267006
59383155100
61175518510
59882246553
60978159984
61078043186
60380873984
61177299280
61700778564
59984278689
60682476073
59387337709
61081502532
61478335745
61279880489
59886737319
59786358858
61383079500
61704074604
60286192858
60385269972
61900897486
59390106135
59689494070
60387327566
59990113117
61805777541
60189451159
59393646733
59393869007
59592741514
60290588957
60191706558
59993166621
61612738136
60193010552
60491212825
59994364977
61908140598
61289239553
60392506142
60692764732
60693441228
61713266859
61488894250
61392952011
59697904704
59997872774
60994470530
60298073153
61814803441
61492125817
61194238396
62108770532
61493800211
61097174142
60997625753
61817988617
62801966096
61818316349
62403440146
61916697657
61720380989
61819526114
62305354183
62305607993
61624355081
62905063930
62208311576
62113427994
63901714668
62706681319
64200986349
63206173687
62211578159
63905573238
61530079999
63408933141
63707329460
62411957854
64303589664
64206510480
62513246701
61730039823
63411792494
62614513544
62914094447
62317350861
63013667112
61733147159
61636525295
61535855235
63015004331
62124445825
62124455921
62917215324
62319723739
63315476929
61735110106
63016708944
61638657575
63814254625
62819230681
62519582231
63118114544
63217924955
63617985748
64015700308
61541346548
64116985189
62822550362
62824170502
64316830399
62326202635
64119303015
61841205107
61545067266
62925374353
61646762588
63920866245
62037463029
61648068251
63125569579
63625774190
63823787362
63824243289
62629642528
62040205887
61747476397
63827000889
63828455393
64027804669
62733777112
62141601367
63133143889
63032941111
62434837142
63532727863
63830574997
62735714499
61852540289
62836557854
62537230416
63436202483
63136354990
64132936855
63335895295
61559273092
62938560897
64331709461
63636656461
64035005224
61756889375
64035749696
63935977847
63140669907
62841722707
62941995535
63240903245
64138169491
61662815501
63739671083
63443108517
61762988977
63245858197
63045818505
62251004058
63943024021
63844287172
62252724034
64243770830
64244527456
64343699163
64244626682
64046161278
62952560467
62354506503
61573342459
62553204152
62453909240
62853790158
62454356321
61673674377
63352974636
62755723694
63852752770
62959030786
64052849131
62758043188
61776641883
61972328883
63358747977
63657254881
64254442006
63160084027
62661871171
64156893296
62072452949
63361030102
63162666317
61881150380
63562768911
63163858567
64161930915
62268839928
61785065415
62175576992
62470265824
61787312237
61887583689
64363986054
62082568044
61789156282
62973329521
62083875428
62083948266
62572947463
63071592738
63273946159
64368375304
62677371379
63474631115
62876629803
63475069882
63277078928
62478426359
62679357831
63177064121
61698542026
63775406977
61699642043
61896987032
62579421772
62187621060
62284781745
64178153819
63080786805
62285544804
62686684881
63782453241
63284689027
63785536519
62787367522
63288404303
63587445247
62196670954
64508745836
63488509186
62789506255
62492116858
64707942308
64609326889
63391140051
62892549137
64286543492
64904450434
64805878607
63092894974
63689673004
63987091433
62594471712
62597189888
64809285966
63794622413
63794758831
65005050715
64715854559
63597626943
65301790951
65401562296
65700795007
63099949474
64395305953
65204229101
63799948249
65204801290
63995646856
64297199495
64815419879
66302278989
65604193936
63898842981
64398230859
66504018105
64724486580
65708259728
64626195313
67201667822
65810278028
64726245320
65610314215
65411577119
64823471776
66807039146
67005947316
64826241031
65912935631
65913978398
64634459004
67211988860
65518998664
66218081065
66218159944
65820594703
66714337262
65026320018
65918139184
66519458558
65720091401
66618334007
65822230243
66915182857
66716395515
65622084040
65323687002
64933418765
67016697745
64444868767
66323503336
64935880986
65826175816
67019412908
64936964975
67020202413
64743471845
65033581948
64744559806
66227233653
64451806876
66925541631
64648619258
66826951135
64845788144
64551743358
66631065791
65535063951
65436497455
64554146873
67228967184
67030572250
65838125058
66633895268
65936365503
66237398927
66237509740
66136794915
66337429868
66733954150
65738929546
65540519488
64853078329
65640981039
65939303528
66039843122
65541888374
67234228107
65642260680
65741690015
66140957498
66542537159
65049478940
65344931935
66441063120
65244872109
66441483671
66543703040
66243894115
65051062299
65545283974
64660863178
65545509511
65545591205
65846179478
64761778513
67238425774
65846570315
65745420435
66740472504
64858907455
65847920739
65847924450
66345529166
65548409198
66046640159
64861035656
64566728857
65946973693
64469737709
65250576680
65352025442
65552164527
65852718262
66648457608
66844985541
64865734433
65253533162
65453858242
65454710688
64771060115
65255962627
65755332942
64967796631
66850028806
65954125440
67051977694
66455622603
66356830386
66155919679
66951656885
65560146015
66057559916
66259005950
66157313684
66260712839
65261599500
65163391528
64777938349
64482779523
65462861387
65164306129
66160486596
65069613261
65364313499
65365560525
67157507581
65465544881
67059496038
64486328229
66859304565
65072514963
65168981136
65966178897
66665425176
64883353544
67162971894
64883587459
65270306370
65172275597
64786955964
65471027714
65672480327
66170655451
65079735056
66371792125
66769140923
65081414609
66373624232
64496756722
65876970241
64793050847
67070711396
65677963207
65975527669
65278451313
64499512541
66871625118
64892282121
66177255787
64893249283
67172724266
64696717919
66377869459
65979159315
66281087907
64895766918
65683144003
64994458258
65385270896
67500317472
66481170169
65981888836
67305612583
64898570328
66182758214
64997132438
65983766636
66879740116
65388659604
65389435854
65093372438
66185668769
67604183979
65986807993
67282167662
65689813586
66883024349
67606537056
65490988151
66389031736
66488874256
67312927568
67608352709
67313460118
67608728016
67313679703
67186665894
67286356337
67314694064
67708307109
66491386324
65793105772
66987704129
67315961134
67513126856
65696626283
65993827939
66890209681
65898140030
66096624691
67191673009
65698741353
66990730148
65899761189
65298837179
67516541814
66299748181
65997895279
66199300367
67418666487
68701874822
65999305761
68403020980
67813775692
67813806958
66995060510
68603423608
67816141315
69600500768
69303482254
67327552008
68505927717
68706930907
68707780828
68208763941
68806135116
68708659091
67722068464
67330129488
68508926500
69008379561
67331123698
69506368899
69803894379
69605508017
67428906668
70104269911
68015051680
68414307775
69608569249
67431858075
68215733958
68315135146
68316065988
69115922095
68618451193
68419055207
67924103631
67732334448
68120638490
69912506023
69912709641
68020870887
67634910947
68021438775
68620709675
69019547086
67636587526
69418200210
70013580314
68819247092
67538478170
67735736977
68919140565
69121559766
68324456435
69918295552
69918325847
68724211252
69222340450
68027727426
69522525313
67838236658
70118867607
68824906762
68328339460
67741759590
68629132792
67643931237
67445221450
68230192852
69226878730
68131389118
70121239008
68529741482
69327521665
68431198139
68632198350
68132799079
69725361693
68233604130
67938114151
69430161221
67939978349
68636989030
68038523655
69831515205
68039646430
69535223952
69933733838
69934212502
67754726947
69934510453
70033621082
67947926968
67460333181
68244752771
69638524328
68646325067
68246602407
68942263509
68047800046
69045366978
67464692558
69742420161
68049889668
67465991631
68650984038
69943027262
67861485999
68750840114
68651938078
69745020604
69546011401
70043780001
69944753817
68849338166
69248529536
67375983089
69153576849
68951580429
69551579387
70147127006
67963169144
67963723161
70148864037
67870307683
67575790176
67475446041
69255738374
69255781778
69854333587
68661772573
68661975091
69257442386
69855742149
69557618192
68860224911
69062339421
68959021859
69657024793
68861382291
68960040119
69162152171
68266035196
68667275447
68068058704
69562182295
69562222114
68962980970
67583836770
68170815306
67976817558
70062647267
68966123747
69267441590
69169477990
70063661737
69072451488
68475028923
68573975594
69270267860
68774921741
68574277479
68373832836
69173955358
67395813708
69272016970
69272193303
68077461213
68178098879
70068210607
68677855073
70069013010
68277946821
68874581620
68278245401
67692619038
69374999185
67594905799
69871757031
69178783957
69673919636
68781425874
69179765186
67695529957
69278050489
68483036768
69180970837
67797325590
67797524053
67699333006
68486192107
70077610694
68585927346
68686380703
70078154117
68286221991
68687269693
68587004087
68983602535
68689854707
68985650780
69187869187
70081986311
70179596232
70700797515
70210405479
70083301833
70181723182
69686384439
68988695897
69491297170
68989604689
69092612687
68992487828
68098150087
69690729807
69791064069
69890169674
69791694771
68894319579
69990654105
70218013471
68799981493
68895796712
69294848880
70415011811
69199291589
70614889371
70317246322
70220886633
70903505023
70713527216
70517355533
70617170939
71005731390
69698768472
70422141241
70230669600
71013803391
70722878666
70627518066
70232806163
70330291830
70726897447
70823023835
70334172366
70632631004
70824852739
70337013576
70538472970
70638086157
70640207524
70245623927
70543405882
70544667960
70740416147
70836468709
70347807035
70837881246
70348651452
70934848093
71035380192
70839367727
70648198037
70451362783
70554032975
70654613137
70942190228
70556037839
70357422868
70847141501
70753410589
70360339238
70361130538
70755946016
70464710399
70367334526
70469146244
71059682990
70574306692
71065004395
70579414434
70869208062
70481287873
70583654520
70583998480
70970596534
70386051562
70589386955
70976694412
70490502298
70690980042
70594815209
70886298072
70299901821
70886967902
70699467616
71203912474
70892723559
71305016237
70992103192
71108541741
71110005982
70896296595
71603488716
71603502699
71310412939
71310555431
71605327144
71410210948
71512088119
71512653585
71314271900
71117244406
71117618071
71612114178
71805651560
71417592820
71522725967
71711137302
71812132201
71226468757
71623399518
71817841068
71819859708
71232197516
71534128142
71629557051
71724539683
71924893639
71925648826
71538518939
71827048038
71342235529
71240855432
71143926596
71929187780
71343717056
71830830818
71542462355
71932322291
71640610869
71447035912
71152355453
71249436828
71452380618
71355841771
71357994094
71358839767
71259415856
71361458768
71362806246
71747671115
71464597632
71751986695
71565234489
71660884355
71467850606
71753730737
71955940944
71858937061
71570705977
71570822464
71374208812
71272198403
71667150439
71178787592
71574794626
71764606409
71479323381
71968586528
71680025011
71680456640
71874312071
71681366520
71973362259
71191121856
71684338749
71492814074
71292440781
71980127096
71592907997
71397052612
71398657835
72101327457
72002430655
71891164072
71989108267
71896483959
71896494885
72011194763
72308980429
72017611975
72315168535
72513970993
72319201529
72222593996
72708814878
72421736503
72025773145
72424854664
72131379441
72329618365
72430059239
72430158128
72717764382
72232262629
72622665163
72819770042
72624158770
72434266115
72530058171
72821574059
72626257630
72039115418
72437086795
72437450721
72727942296
72247487611
72639075439
72053486823
72545596059
72254435607
72646305383
72840169131
72646519672
72647379852
72357292285
72358994621
72259995796
72746834312
72161918572
72459192761
72844419292
72163901864
72264242842
72851214786
72071043044
72171405873
72171608394
72469626083
72274167809
72570411103
72477694337
72863622584
72575903712
72575951679
72482795760
72384939329
72869775363
72288150340
72091474684
72777943777
72291945895
72492880104
72786165163
72688078603
72199515935
72199693707
72497600733
72398773579
72593610329
72690525818
72884572224
72692219465
73004260170
72793411237
73006880792
73206628482
73009026019
73010574355
73011028376
72799998293
73501090338
73216086673
73217233949
73608068627
73024397624
72926420668
73127053913
73421710899
73421760704
73618389333
73132658370
73426589274
72935051065
73135012453
73035688700
72937561320
73036438987
73236368685
73138148264
72941095779
73042687015
73534592573
72949021093
73149672994
73442817149
73443368981
73350616690
73446934609
73156840866
73161767673
73454771565
73650494786
73364071512
73748700304
72972872499
73465878167
73563992506
73467031335
73371036688
73274396730
73075905362
73760391282
73280088742
73473899018
73474805552
73476622832
73186780375
73286937664
73577676331
73767944021
73578260800
73188432547
73089985479
73678580150
73678862579
73191771672
73292489883
73774820534
73096409527
73392229282
73392281168
73688227747
73689000837
73780749647
74300987641
74109204827
74302721463
73912189268
74111828087
74402796682
74113766294
74115926827
74212148231
73820243328
74408653377
73823296167
74501528897
74314792747
74218200496
74221059752
74222646100
73830330256
74421538866
74227513031
74423084406
74325988521
74033834893
74231076839
74035829799
74328497327
74519512988
74430116254
74041125554
74141686276
73944973294
74144090458
74145776696
73850436623
73949852573
74342119600
74344710170
74346030813
74443219648
73960938899
74352815798
74453474895
74067831928
74068688115
74549786086
74462708901
73975198601
73977801845
74176638708
74370789062
74468118816
73981328955
74375853344
74183399511
73989159878
74087744432
73891066050
74481172037
74091842971
74288181347
74486947122
74390359519
74198939044
74803197079
74395707551
74584019793
74607895673
74586617624
74908883160
74589982172
74715133200
74912822668
74813844911
74918179167
74720781750
75209361668
75112325168
74599146378
74920566049
75016386561
74727255242
75216179100
75219195875
74731755332
74733115739
75309588984
75311021600
74637155244
74638151027
74836032483
74838175965
75319959630
74645178121
75136061010
74749350022
75139289907
74949988209
74752678915
74852014123
74863280999
75342524692
75059105157
75343631039
75345970073
75347739880
74772122972
75065053150
74973781454
75070556224
74781315834
74783220788
74982410910
74684482667
74883326830
74696370868
75285029336
74797249600
74997654540
74897398733
75190323943
74898675647
75093840799
75600984768
75601619459
75403657340
75702006851
75507487396
75383939693
75386888805
75512636286
75388615180
75390092264
75614222908
75415553811
75714020142
75908471715
76006480762
75812043744
75396252184
75911155249
75520981784
75721783071
75917001446
75528614798
75820547642
75920336997
76019320798
75825644756
75735484871
75637857792
75542570984
75933075176
75442915268
75543939846
76033254629
76120716938
75547581132
76124291037
75548816858
75649090387
76126102613
75842083658
75550818638
75845520001
76042812621
75753294684
75658119170
75658327202
75460687858
75461539356
76143220731
76056048848
76145346543
75669436497
75862230284
75469482418
75960664679
75960671442
75863042581
76147728331
75574295845
76063558185
75773461172
75477892194
75580254010
75581926154
75781676616
75782655593
75784341181
75784942598
75977643065
76076867246
75880452079
75978655961
76080546919
75691395136
76083222078
75495009546
76174571970
75992714031
76187326479
76509417924
76194359402
76612353438
76321529820
76222575248
76615742993
76523679935
76428273319
76428809203
76526261578
76526296658
76720099408
76720730702
76527793827
76433193066
76234337645
76626585287
76727366590
76535557623
76538394484
76831166397
76918309410
76542821562
76446822321
76347399242
76934469341
76459229249
76359853798
76653846799
76559987281
76852745768
76366119968
76659256332
76269107029
76949384162
76276292332
76768597860
76382064285
76872472938
76483611551
76284825823
76585837769
76289795318
76588144025
76781432406
76293151499
76590803526
76297903801
76297947483
76398588058
76976320285
76977490306
76896944524
77107444742
77008151195
76898322500
77307995056
77309091291
77601485098
77113186975
77504007460
77409991023
77219968288
77609974431
77122207633
77414073368
77024432696
77225182624
77327918324
77328770483
77428128697
77038417972
77141647760
77142778606
77340920238
77043961254
77243573264
77634808865
77636356571
77438206805
77347856311
77251959424
77153278596
77443119169
77254997501
77057392675
77734698558
77259231363
77357349847
77550620774
77452379790
77065847800
77267662950
77560402180
77747545273
77272534509
77075778623
77569349344
77181517421
77756800685
77471085966
77757026275
77572065473
77672474191
77758185914
77574544479
77474198426
77087537076
77678411945
77288437406
77293891428
77590082443
77590112029
77693344521
77594470448
78005027987
77596625509
77808508572
77498550639
78016799158
78117162752
78417853627
78505674215
77934719881
77934970256
77834954201
78508509855
78129586366
78509065315
78425113511
78226461343
78328180296
78135602507
78138925246
78432602447
78234450091
77848195188
78523204354
78148098120
78054165666
78446184809
77858851008
77864761515
78354988314
77865330498
78160252557
78539578310
78360587633
78363361113
78073045057
78464351390
78464515074
77876746247
78469841929
78080548858
77985116489
78088677033
77891513190
78563730026
78481289243
78091338521
77894105960
78385035798
78286885971
77998732151
78388216783
77899875071
78196043330
78800638180
78802498238
78607128544
78608697874
78805663153
78903892134
78709146180
78611686604
78612241662
78909808533
79104115524
78616560806
79205269793
78717877193
79207448126
78591006542
79212675402
79214030730
78925269325
78829277915
79224423280
79309883782
78837292366
79029958398
78640578002
78742470455
78842002138
79131743349
78846159345
79138241284
79041418665
79240003549
79240374623
79139300080
78952385042
78957400285
78957597137
78765587454
78864208253
78667383547
79339708317
79342733997
78873163342
78775403846
78775629197
79268952807
79350125599
79076341668
79283790145
79364475142
79087957070
79186791830
78995544631
79371848159
79092806208
79194041534
79604020076
79298037363
79379127823
79608607327
79515140822
79807085045
79814646969
80012319791
79914276326
79530303774
79824615654
79434825452
80022427431
79825547408
80104260560
79827733477
80028881300
80113097830
79739103367
79548472590
80118411701
79746962285
79454985584
79652205579
79456700159
79558601889
80126308334
80050129328
79563632359
80133085570
79467050305
79664250227
79570076147
79570126749
80141182047
79864723564
79475501776
79576195871
79675249198
79578314832
79479068061
79968033113
79582177432
79582405859
79682580689
80152289499
80154057834
79487891492
80073910486
80156593915
79784989762
79882292210
79884377368
79887602066
79985169902
79991326166
80304614845
80208173254
79897113042
80174656649
80307865082
80308660473
80176839048
80097082984
80504959970
80180191659
80604769629
80414804232
80705691597
80420337283
80322525567
80190580406
80422117304
80423218885
80814270400
80716980129
80717057087
80331046237
80236912461
80237560135
80238298733
80627059278
80904957782
80532372410
80905513869
80630870076
80827702971
80243297907
80441803634
80542136923
80251473685
80641695847
80350838455
80351932354
80352416618
80919643733
80549090183
80356405873
80926025287
80657093725
80561989182
80564609051
80858002879
80663729360
80474504708
80862171506
80282126818
80384250891
80286446169
80483355271
80582174545
80392231391
80877772643
80780958079
80592509667
80786733282
80593611253
80691296514
80788341523
80499998838
80968655206
80970535801
80696082509
80971743808
81301142626
80895003821
80897945581
81015464338
81115578796
81213099763
81116050693
80899952688
80981980489
81407479144
81603486908
81226057340
81130850761
81519921602
81135671292
81036868450
81335993656
81626912624
81709114508
81145323896
81530716902
81535457348
81634475095
81715214112
81444614165
81447364665
81448417317
81544242076
81546449640
81064262107
81453846156
81267359340
81363446619
81653885549
81270438212
81737078590
81074956552
81075531098
81076310175
81274952045
81275884546
81743664806
81083762714
81291492481
81676915315
81484651697
81386754289
81099024243
81297306540
81299347063
81765804592
81776730160
81778551951
82402256592
82020515674
82116444204
81929510965
81798403463
81799949045
82324273129
82228813213
82502361556
81840806970
82326792952
82039943402
81947731312
82513029346
82514774219
82515433224
82516601588
81856151798
81857676236
82343886130
82521092523
82150676637
82344804575
82151331844
82153637186
82255636376
81964991245
82528782760
82450728488
81868578696
82452749072
82355726639
82454281149
82455894612
82166941975
82073624807
82361137929
81976712745
82269186759
82364018557
82172476908
82078471398
82271517068
82271797331
82175124784
82178551168
82470100133
82372415892
82086057689
82182413900
82182528078
82183495074
82185311206
82555786580
82091455399
81895938196
81996091292
82191868019
82385545523
82483732740
82486713376
82297874659
82708194292
82492241194
82807506922
82492959009
82902838215
82398792238
83004240444
83101010228
83008809620
83106803083
82823369458
82626718732
82727128929
83112781227
83212012592
83120554778
83221324866
82642030973
82840111869
82933974623
82935511273
82744298648
82746680173
83037243890
82751340182
83233823019
83042566515
83137252842
83235733001
82949186802
83320275217
82858034470
82954547928
83149238221
83250015757
83060359856
82770863063
82676675580
83068510393
83261338453
83166380361
82683920356
82975390918
83075486147
82785679993
83271471100
83080355112
83351012265
82792299571
83361805290
83091248503
83093205113
83187614712
83188083376
83188822896
83366700357
83367079818
85000355835
83901271881
84301658765
84801881831
84601406001
85301877548
84202222326
85001810278
85502914434
85003299103
84304163262
84804670034
83414771019
85206384531
84106900946
84608740589
83418098390
84010296378
84911221546
83519589506
83711170368
85211380487
84612781962
84913440377
84715406411
84915047178
84514473408
83385719224
83525379251
83386092055
85517647264
84317951778
83818207929
84818930379
85719156732
84420810924
83430894799
84621815099
85622439044
83629478142
85523254308
85820853356
83924701474
83532362883
85324399462
83631058231
83825352494
84826298682
84826544314
85425650735
83724695748
85325973809
85627109692
84026645826
84128120964
83634928417
84228780266
85028560349
83929996325
84028862495
85730204431
85029367910
85922021238
85632313840
85733411850
85433654802
85633968597
83834715041
84135757523
83543734748
85237086309
84436060894
84036508032
85037556635
85835653573
84739215223
85836900978
84038932727
85740741403
84539457040
84141950263
86029573388
84240503945
84540024338
84844104674
86030855052
84041549360
84844570962
83843122494
84846167274
84542878956
84145125294
86113589621
85145569893
86034987047
84348122507
83457239341
85748383605
83654362787
83654532968
85248929473
84851004950
83655804649
86039490830
85941555690
83656575689
86040443488
85453202186
85453633713
85553588907
83853768765
85945336585
85153671691
85054573161
85556680352
83857077200
84456346746
85357566142
86127125774
84557160916
84557398567
85258880911
85159008436
83959941315
83861248575
85060674659
83760941946
83761167753
85562710769
85262889066
84562153590
85565531602
85265218093
84964794670
83965094584
85862532698
83765511288
84766981673
85266463904
84065821029
85767550998
85369159655
84268135121
84770017029
84169559677
84770992667
83771372974
85962202094
84773242033
84471823829
84673073066
84472323336
85274022958
85073171382
85872035769
83485215997
85275689538
85375489839
86145402007
85175717199
84377120448
84074505207
85075207538
84879470053
83976661048
84977436876
83777494047
85076349908
85579357082
84978276561
83684861589
85779343514
84078020141
85078255578
83685477353
84278951012
86150709076
84280471437
84982751528
86152672437
84384762597
85485659179
83690110036
85784369891
85184854955
85486840558
86073905545
84186001388
83595138509
84688464445
83596015305
85086544927
84487490015
85388918981
85491558769
84088940812
84290226734
86080724871
83991725246
86081623698
85890501038
83894202667
84694520958
83992794781
85295212573
86400228022
83797335674
85697520665
84398777752
85094801715
84497582870
86800920743
86088618112
83998641317
88001059601
88101214793
87504387493
88002947950
86506665181
87604929326
87704703006
87306332896
86094736683
88304944489
86807539104
86807898557
88205619671
87507985764
85998582682
87208883821
87907519925
86910305122
87409087336
86610350289
87809393201
87312479023
87411955099
87412203325
86814676827
86516263535
86321141892
86183756723
87614732509
87814876547
86517842826
88314234123
87616349755
87216589361
86421955185
87018377928
86818834657
86618311173
86423348605
87717987377
86619289579
87320160485
88709549939
86424590381
86620132594
87620316806
87221191222
86823001402
88711871162
86328868164
88619057715
86524931941
86192804034
86192955103
88520469557
88122037633
86234516637
88322902268
86826606005
86927551800
87825016102
87526168264
86728261790
87126951957
87825802105
88025863055
87727560362
88125804921
88817065611
87827326688
87329924723
88625839787
87129889031
86831658488
88526614552
86733953681
87631256810
87531879093
87631701634
88722600304
87233152538
87831552670
87532627788
87931208077
87335694579
87335802076
87932850236
87135158773
87337723360
87237189659
88727718828
86443040287
86840048005
88137142319
88730406056
86640488670
88828465430
87540311289
86446462607
88732730435
88140294199
88733481941
87345318706
86945784425
87643324310
88243958537
88244211542
88344029703
88834197630
86256025582
88444836386
88445107389
86452703980
87546708586
88445585400
88445670806
87351970685
88349060565
88250606849
86261348758
88351281552
87152023060
87152238572
86954016877
88840757864
88744360125
86954702253
88451531698
87455468996
86557109701
86758862443
87156723352
87458357658
87757224638
87856848643
86658269195
86365907264
86463025282
87360745768
88846620048
86861374707
87758843652
88846814479
88358500609
88157722303
88751201338
88656917286
87760863552
86865577405
87564941817
88265211860
87963941085
88265344147
87368922403
86768749481
86667734691
87268192152
87268359968
87072116950
88468941154
88939924242
86673127514
86875409305
88470842541
86974209111
87573930439
87574235909
87076667493
88473125667
87973298494
86677814769
88376766193
87876969761
88277402250
86779452049
86482596553
88077898646
87678242122
88947921100
86781901167
87780230959
86585616825
86786394012
87388387264
87788470205
88089477518
86794204197
86497430759
89100593449
87893393943
87693259360
87495736326
87594232186
87195235947
87296810896
88398674100
89009413142
89801360935
87999790856
89110468033
90703269686
89015327401
89507909070
90207332698
91005745595
91206587198
88897081998
90709049387
89214268741
89612569064
90909743216
89913716086
89913983692
89316000800
90412844361
89218432405
89516359402
91505471974
89517174554
91409987102
89417757537
91506665743
89319895126
88984932035
90817685950
89223129189
90916876848
91216635356
91117532810
91315342661
91018389528
90022557480
90520948171
91609707092
90820998165
90919841038
91019391804
91220006936
90222312042
90223177225
89327060627
90723390586
89327569637
89036153125
91320056680
90726233912
91615937511
91227118658
88997491596
88997679097
91227627629
89631630223
91127217059
91521928444
91428005469
90831635132
90531802597
90233022816
89636274214
91132062212
91430467089
89439252220
91703306288
91703687146
90236283970
89539125284
90237167458
90237756851
89740392579
89840252042
90640103691
89642524398
90643059437
91709725910
91438541529
91140632979
91710269396
91241150519
89945610676
90842802994
91712081760
91712447510
90745398367
90347460961
89251564857
89351921766
91716867189
91636538482
90847569571
89551197043
89552037868
90650913777
89354369409
89354564121
91150730087
89356269778
89954273106
89954707451
89357068714
89159793119
90952133714
90952183795
90952411992
91349553601
90754407936
91723476070
89856722608
89657708107
89163146505
89858731511
91453996491
90757397403
91549176408
90058953057
90957054971
90757904484
91158523829
91457072800
91158838585
89962269861
91457459827
89862577259
91058966707
90461957471
91161552435
91358017991
89865284750
90463338506
90862746356
90664941669
89171228881
89766951534
89567028254
89173373299
89174122499
89078441575
89174494028
90966281831
89472647524
91465131533
89472894327
91559139691
89870305230
89080557583
89473756006
89081244493
90071156167
91268449492
89773199246
91467448283
91170941741
91069693209
89775790354
90174685213
91271767820
89180942470
89776659655
91273156329
89777645842
91663474309
89086804972
89379559455
89578245056
90678400072
89780074907
90776656216
91568770824
90777855191
91570456742
90280026721
91572289296
91181981426
89784821433
91573059667
89094674464
91671582289
91671735888
90283237117
90782305323
90685378140
90284600175
91482625704
91673912920
90386009798
90386333051
90885823807
89491109545
91675075206
89391877085
89792216093
91288603556
89991058664
90889185033
89197749941
90691367830
91581348082
91680916117
91290991832
89894486332
89498742806
89994414497
89897488386
90794319420
91391014902
92001685776
90794823949
90197505151
89598338344
90295693436
91196519092
90197793443
91197044342
91494515301
91197483875
91766501682
90399245607
91098273671
93000762967
91689422666
93200776671
93300742008
91591290185
93800202022
92902597682
93302129664
93003581064
91691809686
93004013507
93701806590
91691974912
92605771956
91911919197
92009038664
92706153818
93005726862
92010648604
92906464720
91694502446
94004806707
92509261420
93207844408
94105180509
91696813796
92909140315
92709812307
91917041807
93308760553
93408939057
92511844920
91820954282
93508711661
92512474849
93509064269
91778668157
92016207326
93610500775
93810453836
92017024084
92414962896
94302371717
93013013186
93013858070
93214084304
91781794454
93313532497
93313784469
92218097049
92915988121
91923129736
92121172250
93914316511
94014084955
92121672270
94210524786
92418885702
93217511420
93715591429
93616596516
93417056612
91829312465
92222216087
93918678854
92423304618
93420801853
93821021647
93422879093
92726017576
94219802705
94023426453
92328219260
92827981146
93725122528
93427268088
93427414960
93927359182
93130893483
94225395208
92934019983
92138503798
92236479532
93433596590
92837210487
94229857235
94032755134
91846679057
92638206185
92438496131
92240529973
94134382361
93337445672
93239471280
92641949125
93241288579
94137779859
92843028665
93740335996
94139600942
93044169750
93442578335
93840664152
93244058030
92646012477
94041886884
92746270279
94513942062
92447230091
94434597853
92051158273
92947795967
93744514103
93345386464
92848596440
94241774410
93845353926
93248310680
92450064998
93546052555
93646620121
93846855584
91956120560
92950977382
93747682519
94518188676
94341203691
93848275615
92553438643
92453794793
94343128281
92157466626
92157643222
93452266534
92554946919
91959334296
93452686905
93054889358
91960317324
92158888023
91865053841
94151393731
93551708287
92160220030
93552589898
93954409998
93255371367
93653070658
93955109598
93456134681
93854871561
94347782635
92062833053
94055395364
93457703598
92959375213
92560370861
93959335387
94157445712
92362744488
94159422865
93463095569
94353774903
93860977332
93361715411
92767214730
93862537844
92767553956
93863293038
92967122195
94163347981
93365010908
94065440295
94262632295
94457008530
93968077076
92571615256
92371982277
92671687931
93869180006
93769084809
93568630114
92473107728
93870134884
92873897193
93870591939
94170506209
93371654810
92179418814
93173511892
91980648580
93474088221
94269012467
92577271083
93673300279
92878929097
93177094755
92879353898
93976786351
92880765451
93877437678
92581131395
91891351129
93576855743
92781662481
92782990375
92682884956
92285731446
94275315863
92187300286
94372936077
93183957831
93484420587
93286128860
91898282981
91993235513
92789350033
92591540932
92095048711
94559563534
93988871676
93687691017
94560888483
92492966345
94561194222
92594035177
92394234581
93690906399
94091731099
93792938680
93591383550
92099693521
93295687773
94567089059
92999356252
93696119602
94292082594
93596178852
95202242448
95303008178
96600696091
95406254222
94909307622
96004862994
95606761620
95706690064
96006383073
95107881036
96305473268
95907262157
96306135024
96805438353
96805880058
95014232589
95511736329
96507644414
96907379461
95312286651
95016105375
95513704786
94816538813
95113147746
95113343552
96409976848
94719113183
94623752561
95515106108
94582364984
96911070616
95615723682
96413318393
94821027215
95916420094
96414537357
96116825501
94586698454
96018123429
96415917995
96219341402
94924717239
96318473779
96021859146
96121814973
95723167546
97111307239
96720496167
95424951874
96420786502
95225624169
94829407856
95326418574
96125137497
95327033885
96225366211
94637234940
95925771880
94732168619
96824075165
96324865630
96726128281
96527009844
96129178566
96527422430
96727650172
95929877632
95132515261
97221941604
95036875682
95134883835
96331074623
95038375529
97028140437
94646292503
96136775685
95937331310
94943787899
96038655555
95540577351
94843915595
96336165336
96637586797
96041850267
94652717372
97231590452
95641759393
96639573424
97131339410
94848147480
95744619414
96340619092
96143875422
96742147112
96044990464
96442568089
95848055443
97236538288
95549469087
96344318259
94658877818
96846114395
95052984176
94660241549
97318487244
96749253715
95554103603
95253101802
96948242115
95154218139
96650492824
96552500003
96054816894
95255153036
97144105844
96254408518
94666805934
95356662905
95857231756
97325676016
96954180755
96356326748
97248755085
95063438492
96955489098
94766535491
94766866256
96758260989
95162505685
95762059808
96560785650
95662253642
96459826674
94674569983
96460606236
94769672801
94674935349
96361740495
94869061784
94675951936
96164476194
94676955988
97153847906
95466899430
96963278090
96465037657
96266341648
96068540916
97337089222
95571310849
95968909791
95870988265
96368161391
96667799826
94777876873
94976858189
94976948285
95970738376
96570559827
96469862574
94683850590
95873647614
95373194082
95972450311
96870927600
95078284310
96971212567
95677097247
97070749790
95479480648
95379048204
94883779124
96477298524
95380375628
95084255485
95380608384
94884803142
96184714170
96982627761
94989882233
94696684000
95386868997
94990538816
94990991752
94698135598
96484902861
96884718868
94993156664
95987838148
97080845675
95591672367
95290738129
95790708421
96191023417
96888568250
97084696788
95691239674
95096347311
96095145028
96593316257
97184169310
97363452882
95296223542
97700256515
96794019586
96496288731
96597995580
96398009904
98202675358
97369729539
98801330298
98004771053
98503294470
99101847155
99201841291
97415081269
99601393995
99003556448
99702153693
97098032963
98107711801
97908519504
99305169569
99305556506
99305732145
98308211061
99705255664
99306651932
99900465062
98808344459
97421173896
97515712737
97912261221
99109242756
99803147760
99803196186
98611434179
98910221527
99110747388
99310238679
99210647756
98413525115
98015180058
98513250566
98912223501
98714557516
99411416073
99712344968
99314715600
98019123344
98816195193
97720690276
99713439472
98218697403
97821368786
97821985950
98818213049
99117491391
97624645999
97525756467
97525855912
97526469881
97924338442
98922073307
97391621162
99022859516
99816347550
97392361206
97926043217
97529911090
99817927109
98127437386
97437813809
98927536002
98728800464
98030966434
99327345356
99227640922
98730675732
99029337676
97636727895
99921599783
98532022200
97835903228
97836371356
99923855801
98134387873
99827305019
98334725282
99632110636
97839182322
99828722442
97938129611
98437714505
97841929030
99831156414
97645236836
97645348927
98639222822
99636949619
98041952783
97544659316
99039064123
98141194442
98441645324
99932640329
97745934272
98143299698
97944471417
98643114510
97945061711
99837552927
99144490535
97550987831
97652880306
98546708626
99643546837
98547111893
99543356874
98548941812
99148123565
99841502634
99047355502
98150636639
97659301765
98054625960
97856824739
98055592452
99944239526
99847769599
99354551875
99652771904
99551982606
99155865981
98458047932
99055579346
98956592174
98158771918
99157813936
99455330722
99555007802
99159302574
99852891789
98959616715
98861570584
97669278501
97670093461
98763018591
97474524562
97671402303
98565336716
99264253614
97872583129
98868387320
99564067122
99958855895
99665489003
99565479951
98369617796
98370779089
97679209784
97973381543
98372140623
98176202530
99074380593
99374758566
99374773032
99177619736
98378539867
97583405828
97490801524
97490967614
98279946352
99278929481
99776784750
98881079254
97982859648
99381118737
98681585508
98085010638
98283394584
97985192048
97691673495
98985126133
97890132735
97890213060
99781970163
99484250435
98386416356
97988251134
97988415028
98587872544
98493006531
97699704119
99091308754
99690043289
98096665727
99393344413
99691555874
98395349389
98098185992
99692165143
99195186232
99295018048
99591887711
98297747065
98598275843
98298987489
99991175890
99299310011
99597799768

Real: 00:24:38.919, CPU: 01:56:22.250, GC gen0: 574567, gen1: 124, gen2: 11
