Real: 00:00:00.000, CPU: 00:00:00.000, GC gen0: 0, gen1: 0, gen2: 0
total running workers = 50
1
9
20
25
44
76
121
197
304
353
540
856
1301
2053
3112
3597
5448
8576
12981
20425
30908
35709
54032
84996
128601
202289
306060
353585
534964
841476
1273121
2002557
3029784
3500233
5295700
205641225
406951754
8329856
609155527
410282614
12602701
411783644
1211501823
414463319
19823373
417679031
420526174
1421361587
824687129
29991872
CPU time = 620800ms
Absolute time = 115817ms
CPU:REAL Ratio=5.359949
34648837
231969907
432087801
232920506
634270634
635509308
635720191
1035929947
836710940
637950826
1436517716
45863965
241379867
242330466
444448303
52422128
846881940
1046353436
250789827
251740426
1249941604
1251135189
1251136386
851676248
656899235
1454957611
259249188
1055775576
857586360
260199787
662083608
1616239753
666490153
1266050454
1266792595
866066669
1266987199
1269887591
673654471
82457176
474652308
278069108
679822807
883912192
287479068
887559037
1645160721
297839627
1649606658
1802621416
496996940
1650417968
1296259135
897481167
699132840
1301541962
1655318828
305348389
1499058729
1303595470
306298988
903592020
1501825884
1814678984
908710668
124753981
1108638427
314758349
1110319692
316659547
1315726714
1315777583
133213342
520746871
324168309
1119737955
1322788689
142623302
1520895085
924017459
1523365993
1523664274
1682572001
1683680811
532132314
929673863
1686277047
151082663
1528198423
1531546918
1690437527
1691456474
1691741183
159542024
160492623
1848756059
1697933911
747698100
1143319026
168951984
751619489
1546775715
557628371
954208183
2015245894
1152980604
954581718
558596658
955039137
178361944
956193081
561538634
1553845098
963020115
1720174411
187771904
1163218528
1367347644
967469021
1563095427
1567148802
196231265
974309209
2035537090
1883386206
976335031
383104513
385067592
1574970547
385597450
1575776050
980608309
1178734376
585636882
986378560
986801039
987882384
2214869500
1899329943
594636553
399056610
399926810
993452301
2401331105
1396523944
997829767
1759068881
1198395745
2407134311
2407284172
1909084317
3400005460
2608017888
2808362907
2068428616
2069967590
2234230039
1770355553
2813101965
2235467655
2618783613
2819096012
3612040196
1778933754
3617169160
1782461328
2430300384
3024587252
3423070787
3621185322
2433421675
2251904293
3227498466
2438225223
2834378406
3233814423
2641051968
3037675669
3633536159
2100056400
1947269005
3040186761
3438577294
3636817188
3440563078
3045533605
3805430577
3243216554
3641428487
2849757441
3807993188
3445395634
3049141672
3643048434
3446094300
3813938948
2279494114
2659461897
3453188024
1963902251
3255387086
3255723453
2664567739
2121131470
3459417259
2123015444
3065367473
2669209932
3067422598
3068366114
2670675737
2476408036
2872204704
1977606263
2297240113
2297565898
2134149506
3473106657
1982644042
3474193861
2683359508
3840461894
3673788811
3675699516
2887532608
2689869807
2889027470
3286789542
3681935496
1995518173
3289330032
2895013723
3687199839
4002744954
3294700233
2321397156
3295445277
3690766539
2323575828
2324782753
2324894141
3693997336
3104455296
3104734806
4010672672
2328687321
4011681196
2329813761
2167855572
2517477840
2331933720
2712063893
3309694023
2521918246
3312126204
4023615056
2723641114
2182857349
3882468526
3324776260
4033494032
2188870091
3888405736
3326485933
3528231970
2190578931
4037884957
3330366698
2935647974
2938159465
2545445524
2546296171
3144216585
2367607926
4207810586
3149129173
3743919552
3150092756
3912238629
4057575456
3349725513
4212801049
2562452863
4062189968
2566995408
3157145454
2380518216
3923354569
2383327937
4067950029
3923990926
4068536331
2964016320
3924838546
2384872667
3758065967
3564277239
4071052007
3366362505
3166644834
3166888718
3172245878
3768233948
2395854713
2977465646
2583694290
4082517109
2981700243
4401098122
4403851822
3778000690
3384404792
3779215077
4244800654
3586202608
3586472060
3588123215
4099490894
4252341012
4255086494
4103237544
3791633398
3791683201
3791701994
4106060452
3398280015
3398684122
4809903845
5602481682
5009058730
5205249383
5207432137
5407596009
4120670413
5016039466
4820501103
4628353306
5420541987
4631927252
5821620932
5426065103
4834367789
5827556557
5233127447
4454620819
4843075946
4299246122
5636701032
4301080446
4459163491
6006452360
5241009365
5241422413
4463332207
4466495634
6011752527
5448791169
4862275408
4164590840
4476098324
4478446993
5656276381
4480460681
4174802096
5068373753
5866141325
5267676884
4180946292
5472100890
4495146046
4882823531
4496825497
6043009777
4692083892
5877512852
4189435219
5479877368
5678721205
5678821260
4345613986
6047565756
4348072375
4508787353
5886141398
5091139389
4896196093
6054380671
4898408240
4898824988
5491131117
6204120520
4517812167
4709773997
4361428509
5897913529
5697041160
5102919824
6064610871
5901112586
6211873360
5903482138
6213458715
4912293262
5904236594
5306549943
5907489883
4371161026
6075696356
5310726976
5312037608
5511853170
5512441376
4726934499
5915965947
6226935511
5917349854
4539862185
4927793690
5918797773
5919100535
4732835099
6089741112
4933891796
4549343730
5926171427
5926314544
4742110397
4743121582
6097087838
5535439008
6101899298
6102316402
5735595169
6403204485
4754074397
6257007637
5347002501
4568252807
4958850687
4763700912
5349575242
5551780122
4764716742
5553021444
4767707361
4575215451
5355344969
4771175628
4968295088
5358124663
6271165281
5166862994
6275905809
4977546397
5366291685
4781158868
5969288056
5175488581
4590832869
6282016841
4985380623
4985400448
5575174831
5373249253
6287278794
5376264978
5980044579
5776892630
5188300412
5982599250
6448629631
6454327560
6609509052
5593431797
6458114824
6458348261
6614144162
5994706444
5796155848
6163699702
6165130122
6622773181
7603516105
6168725178
8001622116
7018284177
6169330084
7018762307
7406661963
6626099988
7606993847
7607054290
6171816028
6473407116
6173173976
6474960081
7215343662
8007755286
7414275106
7812612124
6327027946
8013174575
6483342167
6638998490
7817380531
7619011044
7818230450
7620089940
6837640807
6333908901
6643540089
6336360282
8024894706
7043811070
7828087407
6496835658
6496947730
7046562784
6500179670
7835199174
6505625102
7442698879
7056279503
7252456817
8043962163
6866346437
7062648138
6514204786
8046104283
7451967549
7259518929
8219961126
6680035728
7859050955
7859597660
7266286517
7466373696
8063122539
6531908300
7275812669
7278802434
6386485710
7280214332
6696932154
8071094956
7676765758
7677459705
7283686014
6897439276
7092838715
7880957915
8078058834
7096250998
8250869730
7099326142
7886254854
7487913207
6905450345
7687884486
7689053637
6907430367
7295055018
8255958909
7105525612
7893790563
7496801170
7695662816
7301695015
7697311693
6562427646
7110860441
7699455886
8412621436
7901991621
7116915794
7309199555
8271414142
8101779056
7509385091
7510330361
7314130453
8279979235
6735909270
7319907197
8116421741
8288955564
7328175389
7140788525
7141607385
6592896568
7926051677
6749420036
7927338806
7144419884
8444092141
8447253205
7735875352
7537423868
6757150547
8601830825
8450032497
8302751463
7344874561
8304836403
7542904489
7743232791
6763518345
7545342271
6963217090
7745003791
6964041895
7162258623
8314353653
8463048739
7555276846
7359550576
6973544200
8320172961
8320750229
8152191077
8322229741
7362954420
7560446175
7363947772
7561044692
8623518169
7760612461
8326576461
7959051094
7959862946
6783517084
6784581856
8630721128
7568413746
8164727396
7570336857
7374304213
7374446578
7770821791
7770838054
6988894660
8335280582
8484096897
8636314508
7380016092
7972072251
8172785661
7777722264
8642664132
7975961810
8642889895
7581309696
8800176894
7582587031
8178332687
9001698330
7388086325
7980880921
8348845583
7389602055
8350982875
8652118420
7985603561
7393216584
8653385570
7594491328
7794066432
8190182021
9014890954
7796508315
9400806732
8192662015
7598601111
7598673047
8365993268
8367106920
8666935961
8668171053
8826131250
8372487438
8826722907
9223467184
8673769489
8674868304
9226475725
8679663477
9618752067
8531397227
8682992851
8683268410
9822910211
8537777436
9240148173
9825439000
9826178393
8540958013
8845042884
8847564740
8850248314
8697379233
8398159209
8703972105
9644966393
9064228059
8709154377
8709472184
9067018568
9651615941
8870190399
9653646762
9267526615
9078878446
8883827704
9084873710
9470567410
8884319437
9867633167
9671138010
8583276953
9673472011
9290245019
8894136778
8591062916
9681731636
9686249510
9687718684
9493366135
9493915967
9308166529
9698428185
8763031771
9321100224
8923611150
9909202117
9329909528
9913634802
9914516532
9333271719
9720066533
9138422757
9919239107
8938064727
9921229640
8785667060
9926167137
8944215538
9532352220
8792238794
9346300168
9349778303
9350335320
9936214722
9739587747
8957377661
9358677848
9368204728
9754862736
9369381087
9953024612
9954054192
9955965019
9763942106
9565543794
9765710487
9379025996
9767103846
9379677007
8981096987
9965484407
9571081268
9571538935
9190740507
9398368875
9791829714
9998994162
Real: 00:03:46.049, CPU: 00:11:43.970, GC gen0: 57458, gen1: 14, gen2: 1
