Total workers = 50
Subproblems per worker = 20000000
1
9
20
25
44
76
121
197
304
353
540
856
1301
2053
3112
3597
5448
8576
12981
20425
30908
35709
54032
84996
128601
202289
306060
353585
534964
841476
1273121
2002557
82457176
142623302
3029784
3500233
124753981
5295700
45863965
148005635
8329856
29991872
130753270
52151062
52422128
12602701
133213342
116294620
136676592
137386203
CPU time = 75870ms
Real time = 12913ms
CPU to REAL time ratio = 5.872291
157265142
118948654
19823373
159542024
160492623
281332180
281981610
222559947
203054097
283129551
223510546
184609382
165095223
225305943
205641225
265424920
186821305
227052295
307249587
207737081
167740684
288030223
288429667
168951984
268659148
269609747
250551538
291218652
312347968
214100586
314038982
174461395
214544566
274597498
235546955
275209370
235691995
295938429
175957722
196231265
275967699
256409191
296889028
317018023
317397068
317482432
318230777
258934735
299150482
279019707
320272325
420526174
460610497
441191871
321626757
421459027
461303786
422181566
402314799
382573461
442548152
383104513
343207897
343672942
344822029
385067592
445080687
385597450
405684468
445844696
346668518
387346249
467174301
447169621
408040448
328898530
468380038
408795433
449259664
430096055
470014633
431328055
412552712
452578954
433065039
333578269
333584978
452879765
353331917
353835077
334393960
354673786
454432846
435146790
355239376
355917711
455414982
457165064
338116136
478182900
438496716
399158239
478728191
399926810
459181186
560229809
500986503
602570999
543472463
603113601
484415249
584309351
566332390
546648599
585976968
566588993
527432481
606843402
587334858
548614229
607957025
588257326
490929029
491086660
572422854
572873635
554136541
574026690
634270634
614622931
575852576
495889117
635509308
635720191
496406671
556625301
496781504
617028397
557982630
617447921
558492697
578656183
498699207
637950826
598556684
579444575
539730658
579504773
700015127
700592239
781038548
702304697
702694780
663063854
742379646
742926928
644245081
704036583
684072231
783276704
704538859
783450067
784234440
705379308
784815464
707612928
747052430
687730259
767547365
787310472
668720286
788585078
788665910
690714826
750277641
789856052
691193683
711250757
691259554
651793773
651808860
770751342
652253052
790790228
790863889
712213043
771751822
692438107
772553217
713832581
693884446
753590027
793554179
675078182
755024303
656147837
736228433
675700398
696051880
656899235
795668004
775830995
696591585
657890224
678521914
778063058
778182999
679051212
739454639
799697622
799819084
940256994
861390598
881291297
901460989
902145655
843521277
883912192
844471876
963020115
864242395
824094226
923262506
923618335
963984847
824687129
924067318
865192994
924498010
846373074
925459250
887559037
926463369
870800558
891589755
851980638
871751157
930974952
931363582
912141982
872701756
832911424
972560196
833160718
853881836
873652355
834111317
953318026
815291397
874602954
914283370
954208183
954581718
835421089
816241996
955039137
915996938
916048465
956193081
935537304
897481167
818143194
957407558
936525721
958418383
937626810
938276701
978717011
959708371
981553709
986015442
990810413
994353638
