Total workers = 50
Subproblems per worker = 200000000
1
9
20
25
44
76
121
197
304
353
540
856
1301
2053
3112
3597
5448
8576
12981
20425
30908
35709
54032
84996
128601
202289
306060
1000358591
1400383951
353585
534964
841476
1001203864
1273121
1201420823
2002557
402314799
602570999
203054097
3029784
603113601
3500233
1004167872
1404710225
5295700
205641225
1405467788
405684468
1006080160
1406525900
CPU time = 594750ms
Real time = 106756ms
CPU to REAL time ratio = 5.570907
1006908095
606843402
207737081
607957025
1407830257
408040448
8329856
408795433
1008996764
1410137354
412552712
12602701
214100586
214544566
614622931
815291397
816241996
617028397
1416572354
617447921
1216986604
818143194
1217635262
1217829666
19823373
1220023220
1220174584
420526174
421459027
222559947
422181566
1421851095
1421920752
223510546
1222559125
1422769474
1023812765
1023899962
824094226
225305943
824687129
1224147948
1424739709
1225156014
227052295
1425985815
1428690845
29991872
430096055
431328055
1431150401
832911424
1232506787
1232644727
833160718
433065039
1033129443
634270634
834111317
1234143942
235546955
235691995
1234586636
435146790
635509308
835421089
635720191
1036290197
1436517716
1036992685
637950826
1238056993
438496716
1238964973
1239119892
1039934191
441191871
442548152
843521277
644245081
844471876
445080687
445844696
45863965
1445846998
846373074
447169621
1247890079
1048561939
449259664
250551538
1449090987
1449725129
1049752035
1251135189
1251136386
651793773
651808860
1050919233
652253052
52151062
851980638
1451615601
452578954
52422128
452879765
1052527844
1452436083
1052892450
853881836
454432846
656147837
455414982
256409191
656899235
1055878028
1600626063
1456097344
457165064
657890224
1056949279
258934735
1457343239
459181186
1458303784
1458989027
460610497
1460315157
1261607677
461303786
1461075819
861390598
1262590201
663063854
265424920
864242395
1064685456
1064710421
865192994
1066281003
1066466039
467174301
268659148
668720286
468380038
269609747
1468029732
470014633
1070276312
1270872562
870800558
1470449931
1071228852
1071647731
871751157
1071747451
1616542554
1471666543
1472080356
872701756
274597498
1073192406
873652355
1073741796
1073741798
1073741799
1073741800
1073741801
1073741802
1073741803
1073741804
1073741805
1073741806
1073741807
1073741808
1073741809
1073741810
1073741811
1073741812
275209370
1473441888
675078182
1618673355
1473693963
1473764077
1274815853
275967699
675700398
874602954
1276650517
1277338591
1277837673
678521914
279019707
1278280663
679051212
478182900
1623336772
478728191
1280223511
281332180
281981610
1625541537
881291297
1282040240
283129551
1626492523
82457176
1283569807
684072231
883912192
484415249
1286775337
288030223
288429667
687730259
1088373654
887559037
1633764387
291218652
690714826
691193683
691259554
490929029
491086660
1091886270
692438107
1490843755
891589755
1491148938
693884446
295938429
296889028
1296259135
696051880
495889117
496406671
696591585
496781504
299150482
897481167
498699207
700015127
1498548714
1099994326
700592239
1645160721
1301541962
500986503
1500607873
702304697
901460989
702694780
902145655
1303421776
1103143746
704036583
704538859
705379308
1503842090
1650417968
307249587
707612928
1107792949
1308941122
1507197604
1108678824
1507434456
1507557487
1507807656
1109569419
1310535711
1109969460
312347968
711250757
1510301023
712213043
314038982
1511583696
912141982
713832581
1658656111
1314951645
116294620
1114274528
914283370
317018023
1514275054
1514456424
317397068
1115461980
317482432
318230777
915996938
916048465
1317277024
118948654
320272325
1663225279
1517947888
1118741132
1802621416
321626757
1664661590
1664882497
1120303674
1321153544
1665743086
1520895085
1667385341
1122350662
124753981
1122929037
1323848370
923262506
1807510868
923618335
924067318
1124546965
1523365993
924498010
1523664274
925459250
328898530
527432481
1810484413
926463369
1810910717
130753270
1673923503
1674369969
1528198423
1813321470
1130827701
1131000487
133213342
1675890324
333578269
333584978
930974952
1530196769
931363582
334393960
1333843151
1334158763
136676592
1817488859
1532947000
736228433
137386203
1533783882
1818370096
1818635968
338116136
1534468412
1819642876
1535007839
1535081543
935537304
936525721
739454639
1536419620
1821545446
937626810
539730658
938276701
1823335546
142623302
742379646
1686277047
343207897
742926928
343672942
940256994
344822029
1143319026
543472463
1541799032
346668518
1543111511
1690437527
747052430
1691456474
148005635
1146937574
546648599
1692607590
1545537828
1347742418
1347869605
548614229
750277641
1696063606
353331917
353835077
1697774614
753590027
354673786
355239376
1353231575
1698904433
355917711
755024303
554136541
1700424734
1837243278
953318026
954208183
157265142
954581718
1701807802
955039137
556625301
1702664463
1357083369
956193081
159542024
557982630
1556873420
558492697
957407558
160492623
1557292746
958418383
1359808300
1558637437
560229809
959708371
1361136121
1161375115
1361656926
1844033365
1708083228
1362385806
165095223
1845799942
1709556411
1709907947
963020115
1563095427
963984847
1847910257
1165388049
167740684
767547365
566332390
566588993
1166739999
168951984
1713503676
1367762326
1714276767
1167773537
1714900263
1567148802
770751342
1715908657
1567888606
1716122109
1852164048
1716366886
771751822
772553217
1371701808
1854126113
174461395
572422854
1571020150
1571159190
572873635
1720174411
1374224118
972560196
175957722
574026690
775830995
1856767354
1856977807
1376358747
575852576
778063058
1176228903
1574970547
778182999
1575327301
1575776050
1576288657
1378835395
1576616046
578656183
579444575
781038548
579504773
382573461
978717011
383104513
1180095954
2001130266
1578998273
1579051378
1381289778
1579891458
1580097622
783276704
783450067
385067592
1728869716
184609382
385597450
784234440
2003088461
1865530856
981553709
784815464
1384527264
387346249
1866930515
186821305
584309351
1731344868
1867504739
1732267009
1583876110
787310472
1584254971
1584352683
585976968
1868635089
788585078
788665910
587334858
1870264468
986015442
1389280329
588257326
1870854670
789856052
790790228
790863889
2010570656
1873889432
793554179
1739410349
990810413
1394109990
196231265
1591378178
1740827449
2013954574
795668004
1878220854
1878581358
1593814778
1593827765
399158239
1397435569
1594321325
2016531014
2016542075
399926810
1594635175
994353638
1879492044
1398669433
1399495765
2401331105
1198395745
1399993760
2018921516
799697622
2600336561
799819084
598556684
2019080371
1748359955
2021348971
2602736605
3400005460
2205282533
1885283138
1885373528
1885390077
2604266931
2206000271
3601134305
2604987115
2407134311
2407284172
2805451445
1752666528
3005724227
3006710045
2409453457
2409460576
2608017888
1889482589
3605006600
1890295724
2210693694
3405163947
2027708047
3405739926
1757599378
2810565062
3011511156
1759068881
3011884999
3609027003
2414978453
3212544349
3410059619
2813264978
3014315643
3014716051
3014986955
2616152704
3215386801
3613331846
2816186370
3613607222
2617810649
1899329943
3413540035
2419266783
1900584932
3414963730
2037663294
2420698642
2221128076
2819096012
1766906835
1902244348
3219236671
2424047055
3221225457
3221225458
3221225459
3221225460
1905296141
2224923674
1770816720
1771066750
2624277577
2624487282
3621185322
3421061886
2825618511
2044519078
3623315823
2045335897
1774136635
3623585584
2430300384
3423741193
1775247632
3424696085
1910728437
2047202961
3029571988
1776993857
2433421675
3229557089
1777932729
2830423997
1778867472
3628255371
2831592235
2050885834
2832502806
2051387930
3430237153
3630159966
2052148266
3630487464
2235467655
1781804524
2052594822
2833943545
3035035194
2834894894
1783332885
1783599601
3036961681
3235689446
1784320568
3633536159
2440366530
3037675669
3038422382
3237052639
1786469060
2442437408
3238659434
3040186761
1787166809
1787577191
2241702468
1788233988
1788274987
3436990578
1923067491
2444592878
3043787489
2643386460
3640080658
2644024289
3243216554
3640690104
1925831076
2245483273
2245894399
3440563078
3641636356
2062979617
2448531144
3441974956
3643079129
2449118315
3443043283
2647291273
2450117737
2450255640
3444139348
2249739047
3444283484
2066100136
2249982848
2451050661
3247921460
2451243763
2066593546
2451411267
3050282338
2849757441
2650504344
3250284005
3250493952
2651510824
3800118765
3800424776
2652928700
2853243858
2653753929
2653940391
2072364145
2256147780
3803122454
2856607645
3653889905
3653984220
3804273122
3057332864
3453188024
2657697378
3805430577
2076801181
2859016124
2659461897
2462339132
2462378113
2859363626
2261521392
2078715167
2463645019
2079010778
3807993188
2861321801
2263577215
2861706747
3659475889
2862691273
3459295053
3809999351
3459417259
3660468092
3810359017
2663789117
3811037854
2664158001
2467489833
2664270681
2082749773
1946781707
1946823097
3264533717
3662266550
2083450089
2084118218
3066386273
3813289792
3462978731
3463499127
3664580250
2867757573
3267704747
2472075186
2473266607
2473533681
3269636846
2670874835
1952913771
3271250076
2475521664
3669859959
3819332749
2672434036
2672443786
2873488423
3073189955
3073346891
3821101732
2092283612
3273703094
1956254120
2874907777
2674196906
2478563229
3274598703
3672724518
2277517011
2479350152
3075974038
2877051306
3276286733
2095119229
3473106657
3674294268
2279544460
2878160966
2878418277
3474193861
2280662524
2280801120
3676432932
3676878364
3828049314
2100056400
2283458677
1963902251
2100678430
2882704455
2882909577
2682147612
2101563818
3680960251
2683359508
2488416815
2489494124
3682628475
3832667142
2287512458
3682970949
2490249320
3683452063
2105036499
3484079654
2887532608
3484692632
2289772924
2889027470
3089076684
3687199839
2890503407
3289330032
2494457530
1972281299
3837513486
3837543047
3837764061
3090335859
3291589044
1975097467
2497347731
3840461894
2894133374
1975937071
3293545024
3692147412
2297240113
2297565898
1977606508
2896080844
3493296736
2695364344
2695679410
3096010905
3494662210
1979505542
2115912635
1979842513
2696903292
3845141743
3297486935
3097615011
3097810664
2697973154
2117128501
2503406931
3298557197
2117288061
3846302437
2503623493
3298848528
1981565530
2698582092
2302031461
3299066703
1981797071
2698790535
3697422114
3847398371
3497843500
3498124936
2700053164
2505173700
3847920874
1983363000
3499198000
2304385600
2902275621
2121131470
2702150263
3102861942
3501251740
3501701148
3103647962
2123015444
3502144446
2904713830
1986941145
2509275867
3702239841
3502394123
3502469292
2123686327
2905350094
2905563829
3104734806
2906019910
2308483539
3853099155
1988226289
2906254326
2906359163
3853476421
1988556068
2125780134
2309938541
3505494010
3308206861
2311187659
3108818279
2710460322
3708649907
3858589885
2711175179
3312335769
2912211608
3859387770
2516750700
2314431826
2712063893
3710083427
2912674716
2314671156
2314786058
2314795940
1995518173
2315340097
3860849666
3711244063
3711285248
2316602257
2317267935
2715347659
2134466313
2317849077
2916197397
2916217735
2521002760
2716155056
2135799847
3864625616
3515398769
3715313257
2718211772
3517236951
2524087219
2524504866
2719807983
3518198676
2720232152
3119747185
3717779428
3119929075
4002744954
3717893646
2921126211
2323575828
3519329874
2721731683
4004482140
3520578232
2324782753
2722467326
2324894141
2325151083
4005994740
3522064336
3522115833
3324776260
2326880832
2144255733
3523443513
2144911636
2925656670
3873431212
2328354445
2145392627
2145492061
3524535139
3524969838
3126129838
3126237590
2147173944
2928072447
2147370775
2147448754
2147483632
2147483633
2147483634
2147483635
2147483636
2928565050
2929527540
3528231970
4012638082
3331421594
3879241220
3131407041
2334410769
3879547316
2334758832
4015319446
2335917203
3730788034
4016019807
3334503648
3334690087
4017306726
2935165115
3732483070
2935647974
3533409725
2540759204
3534175707
3883536268
3337039357
2339082356
2938159465
2543049816
3736072277
2159503960
4021500822
3537158761
3736648788
3537708892
2544937346
2544948714
3887263885
2342360504
2161084672
3341888692
2941665554
3888405736
2941796513
3342749629
2546894335
3889125313
3740395138
2345787283
3741263855
2164497959
3542134802
3143689949
2346309201
3542628218
3144216585
2744714000
2166055041
2745456665
2745482014
2166259697
4027804410
3145774137
2551074501
3743919552
3743937835
3146366985
3146510548
3347826075
4029490694
3745031558
2168435028
2747580949
2948454881
4030766413
3149129173
2554426283
3746932864
2170459596
3896826421
2555009615
2171200666
3747935649
2950954660
3351703485
3549338162
4033494032
2172263864
2750959354
3898529612
2174388939
3353953646
2174504424
3153695378
3552253050
3154195379
2175905755
3355569709
3902175695
3553650089
2176584310
3155791963
2755468136
3357069637
2358738988
3753639167
4039449085
2757145586
3157495646
2562647289
3157572428
3556041033
2758225706
2360647582
3159077883
2959210685
3159373453
2361481577
2564820279
2959849381
4042637440
2181640265
4042916095
3758065967
3559958273
2182857349
3559999932
3560707337
2962470734
2762235712
2762301008
3759734153
3561184767
2568233639
2568425623
3760837279
3911296638
2764382370
3761477044
2764655016
3563407686
3564277239
2765703814
3367458007
3762834567
2570963467
2571424930
3166644834
3565095046
3763477285
3166888718
2766764111
2369052671
3914778682
2189098608
2189159374
2370564436
3765856549
3370803039
2769401334
3766351219
2190984983
3767570914
3917802343
3170999027
3767886419
2971752767
2771568176
3373929207
2577149182
3374706147
3769567290
3173328168
4055875250
2195741892
2195838122
4057603935
3573866344
3176435458
3923354569
4059484724
3575511034
2582016033
2198933478
3924838546
3178427974
4061089676
3577151541
2380518216
2583694290
3179042757
3179328609
3926246021
4062204193
3578086758
2779012980
4062601843
3777492037
2383327937
4202589425
2981816938
4202913065
3384415419
2384164243
2782011911
4203485835
4203538260
3929552151
2782342984
2384872667
4204358154
3780907448
2984213555
3931999823
3782054595
4067950029
3782474924
3185768956
3387677402
4068536331
3186153523
3783134481
3388374597
2786158838
4207810586
3388584263
3388949146
3933837680
3389298314
3586179435
2787609771
2787901104
2788299514
4071052007
3390592641
3935430002
3936731784
2789690071
3190351982
2989664741
3589149248
3937871820
2990536458
3393098180
3191681977
2596196175
2393466160
2394511072
4213945777
2597481512
3940151600
3395048670
2597743246
2598110799
2598202606
3592701897
4215373858
2994007738
2994046777
4076764947
3791631212
3791701994
4216673930
3594654997
3398280015
3944729684
4218765433
3399993212
3794889360
3596491653
4800639237
4800718690
3946499038
4403851822
3796272655
4082517109
3797948215
5002095847
4406701861
3798997209
5600327739
5401894387
5600622158
4604891721
5402303887
4407755358
3950535625
5602481682
4409530498
3952450523
3952967312
3953020383
4410551920
4410756229
4808072189
4411153318
5803743000
4089428433
4411617623
4608883977
4089826579
5407596009
4412399896
5007708798
4228725895
5207228442
4609829987
4229341983
4610374031
5409430769
5409532747
5009683112
5608227407
5209457704
5410392618
5209614229
5608771653
5609170580
5210537879
4813318203
4232160450
5411598071
4232284450
5809185045
4416607590
4814115527
5012268875
4233406552
5810082656
4233956726
5414415596
5812628835
4617382736
5016039466
5813831093
5814038162
4619052759
3964693425
4819426981
4422107495
4422734333
5815397066
3965736086
5217685939
4239339513
4620739855
5018618331
5218484012
5219153103
4622343671
4622560516
5420541987
3968284651
5220364562
5220847961
5619835322
4426485286
4624256219
4104835491
5620633034
4106110379
4826038874
5423600488
5023423899
5423873566
5821665452
5424202506
4827164907
5822391013
4827248439
4246747682
4628353306
3974029255
5025625071
5426082267
4108767119
4247135456
5426250787
4109268355
3975169879
4109881092
4432215932
4248990394
4249414361
4631927252
5628512453
5827556557
5629370205
4834367789
4252341012
4435950128
4635013678
4437038814
3980466845
4437112820
4835805551
4437300666
3980763102
4437896256
5831409351
4255086494
5832075321
5434472709
4439365551
4117247907
4637857165
4838626393
4638176000
5634282381
4440834547
3983939288
4119123604
4257987746
3985332557
4640673919
5835989560
5437859035
5636637810
5636701032
4841645152
5837180436
5238403093
4843075946
5640992597
5840188035
4446867581
4447972759
5043685748
4647120564
5243544046
5444168286
4647557561
5244426604
5045592377
5445120764
3993204790
5644774200
5245678887
4451105782
5046920758
4849711119
5246497834
5845150505
5246783313
4850521382
5447495579
4651314637
5845786473
5647035061
4851295868
5048517509
4851567683
3996689292
5449887585
4271814286
4455652664
4455803924
4455893414
3998783199
5251360592
5651859433
4273907336
4274390574
4657370870
4275202001
4856922028
4459163491
5055977168
4659828229
5456135479
5655275154
5256409324
5456651620
5256793351
4277839158
5457028228
5057748958
5257363515
4462592772
4861359309
5259295196
5059393746
5059547006
5260044209
5460098916
5060631788
6008085792
5061364720
6008609967
6008669824
5660669477
4466396372
4864452779
6009269467
4666592258
4467456364
5063953104
4285208391
6011752527
5862298131
6011856671
4469754756
4867364366
5664785182
4287297200
5665009477
4149013591
5466984483
5666200660
4149849453
5268191028
5467687211
4150484174
4672688438
6015784687
5668064383
5867500339
4152484127
5070732934
5070909741
5071376262
4292882419
4154149620
5868884276
4676348174
4155461216
4874675586
6019954110
4294967282
4294967283
4294967284
4156606675
5074046436
5074157960
5276263909
4877255440
5276438764
5076431170
4877705160
6024641713
6024766595
5078417008
4879544704
4879876353
4483899540
6025997187
5876611818
5678959363
4881138590
5680124555
4302132872
4882823531
5879196666
5481852307
5083141877
5283376884
4884718338
4166597456
4687774022
4687997311
5683268146
6030309460
4305253130
5483474130
4305679044
6031481424
4306826885
5685246319
5085504181
5085579513
5685844144
6032859082
6033752145
5687365124
4492610167
5688066503
4309750175
4171417894
4493138692
4494275326
4494587995
5490090837
4173829711
5091139389
5888885904
5291482116
5291795356
5491723555
4174802096
5491933142
5889993491
4314565023
4894159132
4314606157
5293205216
5492734838
5094036070
5694373651
4316457385
4896196093
6041665709
4316907001
5095224382
5295332616
4700355962
4317772357
5696113828
4897569149
4700765213
6042956991
6043009777
5096607997
4898408240
5496456841
5697041160
4701871187
4898824988
4702511497
4180714021
5098534825
5498171732
5498373086
4703884741
4182103368
4704498515
4505712541
4704771983
5300735564
4705194172
4322700189
5500580975
4183387182
5899117791
4506685876
5701565889
6047877728
6048081251
4184153507
5900167250
5303038921
4324456277
4508206573
4508310906
5102838539
5102919824
4508484785
4185902496
6050299198
4905810759
4905976329
4709441352
4509989046
5305067404
4709773997
4187408570
5903482138
4510685797
5904236594
4188614280
4189023898
4189435219
5506289486
5307481947
4512680913
4512797417
6054380671
4911239289
5109631584
5109635656
5907917222
5709432156
4911911003
4912293262
5310726976
5110920067
5909105041
5111415066
5711065824
4333305372
5909560412
4716425374
6058559805
6058588920
5312559033
5511853170
5911249307
5512441376
4196072694
4915222104
6060067098
5912000102
5912076617
5113952593
4916319911
4336707205
4197488814
4916504170
4337911473
4917484056
5515229894
5115833983
6062693309
4199069706
4338603130
5316728650
5116576831
4199663155
4918976908
5516769240
5915965947
4919423580
5317976810
6064610871
4919584673
5517311727
5917079854
4341063703
5917349854
4523695110
5119200642
5319804360
5319992029
6066844606
4342941319
4725092292
6203601228
5320766886
4922450900
5919073189
5919501681
4526224184
5321908972
6069013712
4726934499
6205524826
4345613986
6069936592
6069963944
4345972332
4346139336
6070660928
5123490319
5723419627
5723931802
4729019261
4347772174
6071787762
5325191862
5724851907
4347990866
4348144190
5524938794
5325740281
4348552278
5725602236
4730754266
5924466017
4730830441
4730858425
6073351280
5926171427
4350792261
5926314544
4732774836
5528145131
4733087128
6211873360
6075696356
4931577775
5729258696
4931874401
6212821464
4932678487
4734550971
4933404181
4354174411
4933891796
5930224179
4536466881
6079470841
6215704836
5532903706
6216679474
4357109852
5933737584
5135224318
4938193863
5535439008
5136359212
5337637342
4742456583
4940660366
5537685844
4361432359
5537798011
4941720787
5937830405
5539095560
4943897080
6225228856
5940469488
5342235101
5342486122
6090155275
5742853797
5143913826
6091247841
5543873050
4548549667
6228314713
5145432719
6092639268
6228872715
6092944656
5945284300
6229975323
4550989056
5347002501
4551194425
5147747893
4371161026
5148865617
5149250137
5349575242
6097087838
5549879941
4554531130
4554773720
4953301729
5950132229
5350761930
6098352542
6234563745
6234843806
4757134679
4375142867
5352264827
4375316145
6100322113
6236144902
4757519378
5353060998
6100961164
5553612303
5553863530
6237906728
6102300628
5555154037
4759658924
5355064788
5555401866
4958437192
5355259706
6103815446
6239939379
5156433881
4761206732
4761207395
6240437259
4561863526
5757708137
6105470224
5358124663
5758540951
5358305711
4563129663
5758732262
4381711135
4381729638
4763700912
5560191839
6245544289
5961621563
6245986939
4767261002
4767429914
6246620037
4768176340
5963628480
5963952679
6112176413
5364855744
5565000551
5365250116
5765588833
5765726378
5965201461
6248900207
4770155226
4770240347
4969995260
4970054447
5366394659
5166862994
5366627315
5566863202
4390015817
5567068637
6250508611
4390510214
5567459808
5768146225
5768165546
4772559424
4972265040
4573564788
5168772258
5368709107
5368709108
5568822100
5169039014
4392581860
4575215451
5370294586
6254212766
5770799240
5770868636
5571358309
4395191811
5172068101
5972056717
5972373689
4976383549
5972429096
6120726604
6120749457
4577952957
6256986738
5373249253
5573153683
4578090234
5173520316
5173668266
4977546397
5174269134
4397667283
4579621869
5374763131
5974646091
6123341418
6259033861
5175488581
5975097924
5575815121
5375817718
6124076266
5975857546
5776628450
5376180987
6401392138
4982399709
4783778673
6402035883
4784408419
5980044579
6403204485
5379743427
4984096050
4985071580
5181328391
5181523104
4985380623
4985400448
5782063763
5582290855
5382174767
6267222380
5183110974
5383188802
6267645181
4987729754
6267866791
5984219397
6268605916
5785317827
5584946772
6269858226
5986604161
6134773979
5986653386
6271165281
4792611493
4592586001
5387692004
4592983698
5988358206
6411596726
5589401701
4594950735
4595025062
5791487062
5390775316
6275711454
4596452273
6276880286
5793272287
6141383087
4798427321
4997613859
6277922725
5193733239
5794192339
4799159098
5594282353
5796155848
6144805599
6419848563
5997314490
5596810471
6282016841
7002147283
7002430096
5598004224
6803273861
6147010996
6604097352
6422361505
7200090194
6284911540
7600495077
8000436499
6149094783
6150875486
6807896040
7007196412
7402878123
7403367615
7603516105
8003020703
7803731496
6609509052
7804133456
7804210733
7009377057
6289377477
7206128240
7206192895
7605874528
6154932829
7607005287
7607192234
8007115333
7607310861
7408519967
7012943143
7409502361
7410436709
7410697886
6815061911
6295257670
7211586250
7211699352
6816518578
7412837158
6296654585
6817463965
6618551533
7812996937
8013174575
7414275106
7613760279
6298835085
7019683956
8015490638
7417636044
7417932709
7021166770
8016792767
7617061587
7817380531
7022217507
6440372211
7818230450
7419514121
6166565547
7619011044
6303495716
7819713482
7023698801
6625683295
6304284628
6442408398
6442450931
6442450932
6168725178
7821350801
7221743236
6169330084
7621854209
7222666512
6306589621
8022875713
6171102253
6171168527
7027666243
6171816028
7624266225
6172395394
7425883222
7624752631
8024899614
6830109294
7427390266
6310317968
7030168293
6448835450
6175251945
7429073244
7627730069
6450584595
6451104294
6177070508
6834144630
6452016531
7231762632
6835808396
6454293776
6454327560
7433786456
6454684812
7832811419
7233968309
6455325120
6181508686
7234446546
6837760206
8033765554
6638998490
7037739575
7435665538
7633987970
6456361921
7038046903
7436175732
7634397608
7834802805
6318702797
6182709459
7236547054
6457691264
7835903411
6183527606
7437758445
6458359057
6460760914
6461022775
6644001164
7839239478
7044387549
7241483031
7442698879
8041194977
6845723659
6327104853
6191458686
8043962163
7843870492
6192698907
7644551911
6328637518
6467504594
6469270547
7449124614
7449202071
6852271822
7648652794
8048705028
8048857449
7649425877
7649517485
7649563612
6333908901
6334960244
6473407116
7252737535
7055461039
7453530046
8200224324
6656392418
7454156192
6657455002
6474960081
7254342227
7455486693
7853629955
7057668907
8202353013
7057858980
7057887961
7654979184
7655186186
7855394366
8055638217
7656414976
6340396902
8204998304
7657473249
7857212388
7657920504
6479632012
6861927209
6341477862
7658282184
6662614385
8057827912
6480273259
6480297999
6480390056
7859050955
6481135110
6664109372
6863630311
7859597660
6664329050
7260757702
6664767944
6864358965
7065506466
6483342167
6866346437
6666870066
7067459541
7663847678
6867431859
7264370471
6347801326
8063770508
7466373696
7466610883
6869199492
7266286517
8065078869
7266931195
6870734851
6871131128
6672345613
7269165976
7072660090
7072798208
6873359250
7073414589
6673959694
7868939422
7073579400
6873714481
6873776117
6873843638
7869811166
6675511179
7472846967
7075274398
7075409732
7672496140
8219961126
7871876965
7474866069
8221772533
8221989291
7674642433
7873749293
8073862118
7873919509
8222873583
7275812669
7477283540
7276142229
7676765758
6360279672
8076198115
6360924181
6880906581
8077386007
7877594787
6361633086
6881504173
6500020290
6362095707
8078058834
7480474714
6501107301
7481236113
8079727074
7280741284
8228739089
6883627994
8080102815
7681688973
7681866211
7681883997
7881089397
7085766223
7282275745
8082260222
8231083568
7283686014
8233439853
6888403587
7487355300
6508103888
8085833997
8234814597
7886254854
6690855473
6690935918
7287405773
6370852529
6890684496
7688658617
6371086767
6371151572
6891213722
7888001549
7689835914
7289295388
8088888648
8238323774
8088981784
6511578660
6694114686
6893605509
8089998380
6374779632
7096250998
6695652564
7493671537
6696932154
7694016980
7494952696
7893790563
7894053569
6377641616
6377684353
7695662816
7294763560
6516580284
7295055018
6898558142
6699121629
6516794196
7896205640
7896661765
7499042505
6381121801
7897209150
8246678462
6382215669
7105525612
6704732082
7502733465
6904984066
6905450345
7301695015
8101779056
7301872574
6386276563
7504504933
6524896833
8102864024
7303086388
7505628310
8252903454
6908585191
7109779176
8104250954
6908755875
6526355133
7706644412
8253455717
8104722811
8104884116
6910114442
6910342064
6910497926
7111349825
6390106825
7905761461
7708519265
7906324045
7509385091
8255958909
6712216168
6712555607
7510330361
7309199555
6714271201
6531908300
8110100287
7513001574
7116191980
7513375788
7116915794
7514117107
7514267370
7911932957
7515267046
7515303736
8112540482
6535351907
7515568784
6397910970
6718867883
7716176974
7516192755
7516192756
7716474170
6536678258
6719832090
7120157707
6399226860
8114149453
6919401974
6720115336
6399585528
6537485091
7120995848
6920904745
7122099775
8265407887
8116421741
7123872062
7918984015
6723990162
6540949893
8267970420
8267971006
8118343605
7124993481
7721747410
7721776386
7521474323
7319907197
7919961401
7920120793
7126013295
7320593403
7127113535
8406069104
7523303432
7724145010
7321811072
6544490939
8271414142
7725213574
6728089943
7725496893
7725513083
7323684598
6928688355
7325628147
8274443086
8409947537
7527332218
8125158794
6731791046
8275618811
8411364111
8276539598
7328175389
7730493721
6733745999
7328623723
7135102028
7531088581
7929537309
7732535334
7733005954
7733184055
6935726860
7930721409
7733686080
8280299561
8415722501
6937227233
7138321271
6937468733
6937946954
7534677416
7735875352
6938709267
7140021676
6740042634
7334903056
7140788525
7141607385
6741215162
6742463889
7538144786
7337824297
7739719254
7539477671
8137266259
7144419884
7938385945
7339347108
8137826865
8422915766
8288955564
6745539564
7742399347
7742496700
6944993343
6562427646
7743232791
7542904489
6563176126
7543131798
7941822137
6563852039
8291611970
6946799265
7745003791
7942206734
6564275825
7343106384
7148779668
6948048632
7746640403
6565970896
7344874561
7345516970
8143405616
7747855473
7547277065
6567596199
6568400196
8144942586
8430074180
8145103247
8430374164
6569105725
7549472656
7348652280
6569868628
7550103299
8297680997
6953419431
7550616903
6755134010
7351117527
8299695022
6756091190
8300004950
6956071423
6574056764
7952013536
8151536334
6575609273
8436983805
8152039072
6759492381
8303306141
6576500565
7160139362
7954379626
6760649129
7758213217
7356514797
6761980332
6579784245
6763518345
7760612461
6763551726
8307253904
7560446175
7561044692
7164991666
7165073947
8308513942
6964148862
6582210059
7165788587
7165822168
8443386587
8158678613
6965827278
6766982357
8159658978
6966360220
6966721058
7962761465
8160513063
7362954420
8445895517
7364247978
8447253205
6587145154
7966117685
7568413746
8449975805
8164697358
8450032497
7367077004
8316241370
7368569009
7570336857
7770838054
6973600232
6774366253
7174336831
7969921923
7175528568
7971033505
8320172961
7972072251
7573233168
6777236398
8321026966
8321076014
8321374755
7774734214
7374104834
8323364257
7374508345
8323649728
7180520605
8324589514
8458249487
7375689085
6597669698
6781233586
7976578371
6598044939
7181536310
7977049825
6980857475
7182378087
8174663256
8326411992
8326576461
6783517084
7579622541
8327630301
7978936176
7780385433
7184020041
6983438582
8602106011
7380016092
8463048739
7781922770
8329428058
7980880921
7782247059
8178332687
7981266139
7981819613
7582827690
7982395960
7583434057
8465421865
8332512788
6987345351
6789175871
8466931454
7984558471
7786371218
6988894660
8607299407
7985415519
8468475128
7190776455
8608046142
8335280582
7385508880
7385522812
6990139055
7385961175
7788331835
7588269504
8184048083
6792391209
6990993144
6991106748
7789166282
8184956530
7192737217
7589308929
7589365863
7387102117
8337438025
6991929992
7988696334
6992097728
7988965668
7590530702
7388086325
8611296980
7591180725
6993159259
8472700234
8339187091
8612011288
6993724595
6795516632
7389602055
8339590385
8473165147
6994330980
7390263494
6995227403
7794066432
8475355367
7197695941
6797686402
8614821930
7594491328
7993376762
7393099713
6798891654
8192262310
8800106650
8478370064
7395026835
9000912680
8617946191
7797997793
7798680769
9003923618
9600402976
8481620786
8481741695
9004451180
8348845583
9401177029
8622417385
9800938993
9801164688
9603171617
8351316645
8484805814
9404565445
8807630723
8808579532
9804428512
8625973195
8626353796
9009926876
9804940693
9009959744
9406817996
9208388398
9208427776
9010228251
9805757732
9407451576
9010964621
8489026204
8490365126
9609953491
9409848759
8491533847
8491695398
9809990553
9213244783
8814963749
9015450648
8632147490
9214272095
8360186734
9214637484
9613521737
9016481359
9614004875
9413652797
8361547505
8634057768
8362006252
8634496318
8362834959
9018609864
9019019036
8636314508
9617150089
9219437720
9220473339
8822033016
9419522104
9419789387
8500904842
9221589264
8639010928
8501515652
9222529892
8824743082
8368676033
8640542547
8825080154
9421914791
9819750956
9223467184
8825668649
9622117861
8826131250
8826722907
9623062028
8642664132
8642889895
9623647234
8505422753
9424864882
8828286837
9425185854
9822910211
9028766824
8372487438
8829513441
8507077417
8507134039
9426468870
9228237277
8374015233
8374864984
9229238275
9032621984
9629862359
9629950886
9630461826
9232588783
8835014985
8835306345
9233686646
9432726320
8513898423
9234367686
9036024911
9632525347
8380318303
8837232402
9235282199
9832513183
8381778483
9236170959
8653496023
9236464088
9833407770
8654161386
8839809635
9039160096
8655178455
9636219241
8383723943
8519625489
8842410119
9438345472
9837286612
8843638587
9838440681
8522162994
8659747592
9640934854
9243543959
9642623967
9046560100
9643103369
8847564740
8662525713
8526219282
9644966393
9844313882
9248458031
9447412900
9249139016
9846452668
8666590490
9250007992
8852288992
8666935961
9250528559
9848539944
8854093604
8531735153
9254776563
9853219047
8535950886
8859309307
9059774858
9855016232
8537777436
8675701830
9260080808
9458614658
8540958013
9660497766
8679663477
8542505907
8543052518
9264365521
9462556546
9462638232
8544236792
8682055700
9067523282
8868154909
9663676404
