Real: 00:00:00.000, CPU: 00:00:00.000, GC gen0: 0, gen1: 0, gen2: 0
total running workers = 50
1
9
20
25
44
76
121
197
304
353
540
856
1301
2053
3112
3597
5448
8576
12981
20425
30908
35709
54032
84996
128601
202289
306060
353585
160492623
534964
841476
1273121
2002557
82457176
142623302
3029784
3500233
124753981
5295700
45863965
8329856
29991872
168951984
151082663
12602701
52422128
133213342
34648837
19823373
CPU time = 67250ms
Absolute time = 9824ms
CPU:REAL Ratio=6.841302
178361944
260199787
159542024
241379867
242330466
324168309
205641225
305348389
306298988
187771904
287479068
250789827
231969907
251740426
232920506
196231265
314758349
316659547
278069108
297839627
259249188
420526174
383104513
385067592
444448303
385597450
406951754
410282614
411783644
432087801
414463319
474652308
417679031
496996940
399056610
399926810
520746871
561538634
585636882
609155527
532132314
594636553
634270634
635509308
635720191
557628371
656899235
558596658
637950826
662083608
666490153
747698100
673654471
751619489
679822807
699132840
824687129
883912192
903592020
924017459
963020115
866066669
846881940
887559037
908710668
967469021
929673863
851676248
954208183
954581718
836710940
955039137
974309209
956193081
897481167
857586360
976335031
980608309
986378560
986801039
987882384
993452301
997829767
Real: 00:01:33.662, CPU: 00:01:08.470, GC gen0: 5747, gen1: 5, gen2: 1
