Total workers = 75
Subproblems per worker = 13333334
1
9
20
25
44
76
121
197
304
353
540
856
1301
2053
3112
3597
5448
8576
12981
20425
30908
35709
54032
84996
128601
202289
306060
353585
534964
841476
1273121
2002557
82457176
3029784
29991872
3500233
5295700
45863965
19823373
8329856
52151062
52422128
12602701
186821305
160492623
174461395
148005635
175957722
136676592
203054097
137386203
124753981
165095223
205641225
167740684
207737081
116294620
168951984
142623302
196231265
130753270
157265142
184609382
118948654
133213342
CPU time = 58210ms
Real time = 10391ms
CPU to REAL time ratio = 5.600885
159542024
227052295
214100586
214544566
281332180
307249587
268659148
281981610
295938429
256409191
269609747
283129551
296889028
258934735
299150482
312347968
274597498
314038982
288030223
222559947
275209370
235546955
288429667
235691995
275967699
223510546
250551538
225305943
317018023
291218652
265424920
317397068
317482432
279019707
318230777
320272325
346668518
333578269
333584978
334393960
321626757
387346249
402314799
338116136
405684468
353331917
353835077
354673786
328898530
420526174
355239376
408040448
355917711
421459027
408795433
382573461
343207897
422181566
383104513
343672942
344822029
385067592
385597450
399158239
412552712
467174301
399926810
441191871
454432846
468380038
455414982
442548152
430096055
495889117
470014633
496406671
457165064
431328055
496781504
484415249
445080687
433065039
445844696
459181186
498699207
447169621
460610497
435146790
500986503
461303786
527432481
449259664
438496716
478182900
490929029
491086660
478728191
452578954
452879765
560229809
587334858
574026690
588257326
548614229
614622931
575852576
602570999
603113601
617028397
617447921
578656183
539730658
644245081
579444575
579504773
566332390
566588993
554136541
606843402
634270634
607957025
543472463
635509308
635720191
556625301
584309351
557982630
637950826
558492697
598556684
546648599
585976968
572422854
572873635
651793773
651808860
652253052
693884446
707612928
747052430
668720286
656147837
656899235
696051880
696591585
657890224
736228433
684072231
750277641
711250757
712213043
739454639
700015127
700592239
713832581
753590027
687730259
675078182
663063854
675700398
702304697
767547365
755024303
702694780
742379646
742926928
690714826
704036583
691193683
691259554
704538859
678521914
679051212
705379308
692438107
770751342
771751822
787310472
772553217
853881836
788585078
788665910
775830995
815291397
816241996
789856052
881291297
843521277
778063058
778182999
790790228
790863889
818143194
870800558
844471876
883912192
871751157
832911424
833160718
846373074
781038548
872701756
793554179
834111317
873652355
861390598
874602954
835421089
795668004
887559037
783276704
783450067
784234440
824094226
784815464
824687129
864242395
865192994
851980638
891589755
799697622
799819084
935537304
963020115
936525721
923262506
897481167
923618335
963984847
924067318
937626810
990810413
924498010
938276701
912141982
978717011
925459250
926463369
940256994
953318026
914283370
954208183
901460989
994353638
954581718
981553709
902145655
955039137
915996938
916048465
956193081
930974952
957407558
931363582
958418383
972560196
986015442
959708371
