Total workers = 75
Subproblems per worker = 133333334
1
9
20
25
44
76
121
197
304
353
540
856
1301
2053
3112
3597
5448
8576
12981
20425
30908
35709
54032
84996
128601
202289
306060
353585
534964
841476
1273121
2002557
268659148
668720286
935537304
402314799
269609747
3029784
936525721
136676592
3500233
137386203
937626810
938276701
5295700
405684468
539730658
940256994
408040448
274597498
8329856
275209370
675078182
408795433
675700398
142623302
275967699
543472463
678521914
279019707
412552712
679051212
12602701
546648599
148005635
281332180
281981610
548614229
815291397
283129551
816241996
684072231
818143194
19823373
953318026
CPU time = 584060ms
Real time = 105753ms
CPU to REAL time ratio = 5.522504
420526174
954208183
554136541
954581718
288030223
421459027
687730259
955039137
288429667
422181566
956193081
556625301
157265142
957407558
824094226
291218652
690714826
958418383
824687129
557982630
691193683
691259554
558492697
159542024
959708371
692438107
160492623
560229809
693884446
295938429
963020115
296889028
430096055
29991872
696051880
963984847
696591585
431328055
165095223
299150482
433065039
566332390
832911424
566588993
833160718
167740684
700015127
834111317
700592239
435146790
168951984
835421089
702304697
702694780
704036583
438496716
704538859
972560196
572422854
705379308
572873635
307249587
174461395
441191871
574026690
707612928
175957722
442548152
575852576
843521277
445080687
844471876
711250757
312347968
978717011
445844696
578656183
712213043
45863965
579444575
579504773
447169621
314038982
846373074
713832581
981553709
449259664
317018023
317397068
317482432
184609382
318230777
584309351
452578954
52151062
452879765
186821305
52422128
851980638
320272325
986015442
585976968
454432846
321626757
587334858
853881836
455414982
588257326
457165064
990810413
459181186
460610497
461303786
328898530
994353638
196231265
861390598
1070276312
1071228852
1071647731
1071747451
864242395
598556684
865192994
333578269
333584978
1073192406
467174301
1073741796
1073741798
1073741799
1073741800
1073741801
1073741802
1073741803
1073741804
1073741805
1073741806
1073741807
1073741808
1073741809
1073741810
1073741811
1073741812
334393960
468380038
1000358591
203054097
1001203864
470014633
602570999
603113601
736228433
338116136
205641225
870800558
1004167872
871751157
207737081
872701756
739454639
1006080160
606843402
873652355
1006908095
874602954
607957025
343207897
742379646
343672942
1008996764
742926928
344822029
478182900
478728191
346668518
214100586
214544566
747052430
1088373654
614622931
881291297
82457176
617028397
484415249
750277641
617447921
883912192
1091886270
353331917
353835077
354673786
753590027
222559947
355239376
887559037
355917711
223510546
755024303
490929029
491086660
225305943
891589755
1023812765
1023899962
227052295
1099994326
495889117
496406671
496781504
1103143746
897481167
498699207
500986503
235546955
634270634
235691995
1107792949
1033129443
901460989
767547365
1108678824
635509308
635720191
902145655
1109569419
1109969460
637950826
1036290197
770751342
1036992685
771751822
772553217
1114274528
1039934191
1115461980
775830995
644245081
912141982
1118741132
778063058
778182999
1120303674
914283370
116294620
382573461
250551538
383104513
781038548
1122350662
915996938
916048465
1122929037
1048561939
118948654
385067592
783276704
1049752035
385597450
783450067
651793773
651808860
1124546965
652253052
784234440
1050919233
784815464
387346249
1052527844
256409191
1052892450
787310472
656147837
258934735
124753981
788585078
788665910
923262506
656899235
923618335
1055878028
924067318
1201420823
924498010
657890224
1130827701
789856052
1131000487
1056949279
790790228
790863889
925459250
527432481
926463369
793554179
130753270
265424920
795668004
663063854
930974952
1333843151
399158239
133213342
1334158763
931363582
399926810
1600626063
1064685456
1064710421
1468029732
799697622
799819084
1866930515
1066281003
1066466039
1867504739
2001130266
2134466313
1470449931
1868635089
2135799847
1471666543
1143319026
2003088461
1472080356
1870264468
1870854670
1739410349
1473441888
1473693963
1473764077
1740827449
1216986604
1146937574
1217635262
1217829666
1873889432
1220023220
1220174584
2010570656
2144255733
1222559125
2144911636
1878220854
1347742418
1347869605
2145392627
2145492061
1878581358
2277517011
1748359955
1224147948
1879492044
2147173944
2147370775
2147448754
2147483632
2147483633
2147483634
2147483635
2147483636
2013954574
2279544460
1225156014
1616542554
2280662524
2280801120
2016531014
2016542075
1752666528
1618673355
1353231575
2283458677
2018921516
2019080371
1885283138
1885373528
1885390077
1161375115
1232506787
1232644727
2021348971
1757599378
1357083369
1490843755
2287512458
1623336772
1491148938
1234143942
1759068881
1234586636
1889482589
2289772924
1359808300
1625541537
1890295724
1165388049
1626492523
2159503960
1361136121
1166739999
1361656926
1238056993
2161084672
1362385806
1238964973
1167773537
1239119892
2027708047
1498548714
2164497959
1766906835
1500607873
2166055041
2166259697
2297240113
2297565898
1367762326
1633764387
1899329943
2168435028
1900584932
1503842090
1770816720
1771066750
1176228903
1247890079
2170459596
1371701808
1902244348
2302031461
2171200666
1774136635
1507197604
2172263864
1507434456
2037663294
1507557487
1374224118
1507807656
2304385600
1251135189
1251136386
1775247632
1905296141
1180095954
2174388939
2174504424
1376358747
1776993857
1510301023
1777932729
2175905755
2176584310
1778867472
1511583696
2308483539
1378835395
1645160721
2309938541
1910728437
1781804524
1514275054
1514456424
1381289778
2044519078
2311187659
1783332885
2045335897
1783599601
2181640265
1784320568
2047202961
1384527264
2182857349
1517947888
1261607677
2314431826
1650417968
1786469060
2314671156
2314786058
2314795940
1262590201
2315340097
1787166809
1787577191
1788233988
1788274987
2316602257
1520895085
2050885834
2317267935
2051387930
2317849077
1389280329
2052148266
2052594822
1523365993
1523664274
2189098608
2189159374
1923067491
2190984983
1198395745
1394109990
1658656111
1270872562
2323575828
1528198423
1925831076
2324782753
2324894141
2325151083
2401331105
1530196769
1397435569
2195741892
2326880832
2195838122
1274815853
1663225279
1398669433
2328354445
1532947000
2062979617
1276650517
1399495765
1277338591
1399993760
1533783882
1664661590
1664882497
1400383951
1802621416
1277837673
2198933478
1534468412
1278280663
1665743086
1535007839
1535081543
2407134311
2407284172
2066100136
1280223511
1667385341
1536419620
2066593546
2409453457
2409460576
1282040240
1404710225
2334410769
1807510868
1405467788
2334758832
1283569807
1406525900
2205282533
2335917203
2206000271
1407830257
1541799032
1810484413
2072364145
1286775337
1810910717
2414978453
1673923503
1543111511
1674369969
2339082356
1410137354
1813321470
1675890324
1545537828
2210693694
2076801181
2419266783
2342360504
2078715167
2420698642
2079010778
1817488859
1946781707
1818370096
1946823097
1818635968
2345787283
1416572354
1819642876
2346309201
1296259135
2424047055
2082749773
1821545446
2083450089
2084118218
1823335546
1686277047
1952913771
1421851095
1421920752
2221128076
1422769474
1301541962
1556873420
1557292746
2430300384
1303421776
1424739709
1956254120
1558637437
1690437527
1425985815
2224923674
1691456474
1692607590
2433421675
2092283612
1428690845
2358738988
1563095427
1308941122
2095119229
1431150401
1696063606
2360647582
1310535711
2361481577
1963902251
1697774614
1567148802
1698904433
1837243278
1567888606
2440366530
1700424734
1436517716
2100056400
1314951645
2100678430
2235467655
2442437408
1701807802
2101563818
1702664463
1571020150
1571159190
1317277024
2444592878
2369052671
2105036499
1972281299
1844033365
2370564436
1574970547
1321153544
1575327301
1575776050
2241702468
2448531144
1845799942
1708083228
1576288657
1975097467
2449118315
1576616046
1975937071
2450117737
2450255640
1709556411
1445846998
1323848370
1709907947
1847910257
2451050661
2451243763
2451411267
1977606508
1578998273
1579051378
2245483273
2245894399
1579891458
1580097622
1449090987
1979505542
1979842513
1449725129
1713503676
1714276767
1852164048
1714900263
1981565530
1451615601
1981797071
1715908657
2249739047
1716122109
2249982848
1854126113
1452436083
1716366886
1583876110
2380518216
2115912635
1584254971
1584352683
1983363000
2117128501
2117288061
1856767354
1856977807
2383327937
1720174411
2384164243
1456097344
1986941145
2384872667
2121131470
1457343239
2462339132
2462378113
1988226289
1988556068
1458303784
2256147780
2463645019
2123015444
1458989027
2123686327
1591378178
1460315157
1461075819
2125780134
1593814778
1593827765
2467489833
2540759204
1594321325
1594635175
1865530856
2261521392
1728869716
1995518173
2543049816
2393466160
2263577215
2394511072
1731344868
2544937346
2544948714
2472075186
1732267009
2473266607
2473533681
2670874835
2546894335
2935165115
2475521664
3334503648
2672434036
2672443786
2935647974
3334690087
2805451445
3601134305
2674196906
3337039357
2478563229
2551074501
2938159465
2479350152
3073189955
3073346891
3473106657
3605006600
3474193861
2554426283
2810565062
2941665554
2941796513
2555009615
3341888692
3075974038
3342749629
2813264978
2682147612
3609027003
3212544349
2683359508
2488416815
2816186370
3347826075
2489494124
3215386801
2948454881
2562647289
2490249320
3613331846
3613607222
2819096012
3484079654
2564820279
2950954660
3484692632
3351703485
3219236671
2494457530
3221225457
3221225458
3221225459
3221225460
3353953646
2568233639
2568425623
3089076684
3355569709
2497347731
3090335859
2825618511
3621185322
2570963467
3357069637
2571424930
2695364344
2695679410
3623315823
3623585584
2959210685
2696903292
3493296736
2959849381
2697973154
2830423997
2698582092
3494662210
2503406931
2698790535
2503623493
2831592235
3096010905
2962470734
2700053164
2505173700
3229557089
2832502806
2577149182
3097615011
3097810664
3628255371
3497843500
3498124936
2702150263
2833943545
2834894894
3499198000
3630159966
3630487464
2509275867
3367458007
3501251740
2582016033
3501701148
3502144446
3502394123
3502469292
3102861942
3633536159
3235689446
2583694290
3103647962
3237052639
3370803039
3104734806
3505494010
2971752767
3238659434
2710460322
2516750700
2711175179
3373929207
2712063893
3374706147
3108818279
3640080658
3640690104
3243216554
3641636356
2521002760
2715347659
2716155056
3643079129
2849757441
2524087219
2718211772
2524504866
3515398769
2981816938
2596196175
3247921460
2719807983
2597481512
3517236951
2720232152
2597743246
2853243858
2598110799
2598202606
2984213555
3384415419
3518198676
3250284005
3250493952
2721731683
3519329874
2722467326
2600336561
3119747185
3520578232
3119929075
2856607645
3387677402
3522064336
3522115833
3388374597
2602736605
3388584263
3388949146
2859016124
3523443513
3389298314
2989664741
2859363626
3653889905
3653984220
2604266931
2990536458
3524535139
3524969838
3390592641
2604987115
2861321801
2861706747
2862691273
3126129838
3126237590
3393098180
2994007738
2994046777
3736072277
3528231970
2608017888
3736648788
3659475889
3395048670
3660468092
3740395138
3662266550
2867757573
3131407041
3264533717
3398280015
3741263855
3533409725
3399993212
3400005460
3664580250
3534175707
3743919552
3743937835
3267704747
2616152704
3745031558
3537158761
3537708892
2617810649
2873488423
3269636846
3746932864
3005724227
2874907777
3405163947
3669859959
3271250076
3747935649
3405739926
3006710045
2744714000
2877051306
3542134802
2745456665
3273703094
2745482014
3672724518
2878160966
3542628218
2878418277
3274598703
3674294268
3410059619
2624277577
3143689949
2747580949
2624487282
3276286733
3011511156
3144216585
3011884999
3753639167
3676432932
3676878364
3145774137
3146366985
2882704455
3146510548
2882909577
3413540035
2750959354
3014315643
3014716051
3014986955
3414963730
3549338162
3758065967
3149129173
3680960251
3759734153
2887532608
2755468136
3552253050
3682628475
3760837279
3682970949
3761477044
2889027470
3683452063
2757145586
3553650089
3421061886
3762834567
2758225706
2890503407
3153695378
3763477285
3154195379
3556041033
3155791963
3289330032
3687199839
3423741193
3765856549
3766351219
2894133374
2762235712
2762301008
3424696085
3157495646
3157572428
3291589044
3767570914
3767886419
3559958273
3559999932
2896080844
3159077883
2764382370
3159373453
3560707337
2764655016
3293545024
3561184767
3769567290
2765703814
3692147412
3029571988
2766764111
2643386460
3563407686
2644024289
3564277239
3430237153
3297486935
3565095046
2769401334
3298557197
3298848528
3299066703
2902275621
3697422114
2647291273
3035035194
2771568176
3166644834
3166888718
2904713830
3777492037
3036961681
2905350094
2905563829
3037675669
2906019910
2906254326
2906359163
3038422382
2650504344
3436990578
3702239841
2651510824
3170999027
3040186761
3780907448
2652928700
3782054595
3573866344
2779012980
2653753929
3782474924
2653940391
3173328168
3440563078
3783134481
3308206861
3441974956
2912211608
3043787489
3575511034
2912674716
3443043283
2782011911
2782342984
3176435458
3577151541
2657697378
3708649907
3444139348
3444283484
3578086758
3710083427
3178427974
3312335769
2659461897
2916197397
2916217735
3179042757
3711244063
3711285248
3179328609
2786158838
3050282338
2787609771
2787901104
2788299514
3791631212
3791701994
2663789117
2664158001
2664270681
3715313257
2789690071
2921126211
3717779428
3586179435
3717893646
3794889360
3185768956
3453188024
3186153523
3796272655
3057332864
3589149248
3797948215
2925656670
3798997209
3190351982
3800118765
3800424776
3324776260
2928072447
3191681977
2928565050
3873431212
3592701897
3459295053
3459417259
2929527540
3803122454
3594654997
3804273122
3805430577
3462978731
3596491653
3463499127
4002744954
3066386273
3730788034
3331421594
4004482140
3807993188
3879241220
3879547316
3732483070
4005994740
4933404181
3809999351
3810359017
4933891796
4800639237
4800718690
3811037854
4271814286
4536466881
3883536268
3813289792
4403851822
4273907336
4274390574
4938193863
4275202001
4672688438
4012638082
4406701861
3887263885
4407755358
4940660366
4808072189
4277839158
3888405736
4941720787
3889125313
4015319446
4409530498
4676348174
4016019807
3819332749
4410551920
4410756229
4411153318
4943897080
4017306726
4411617623
3821101732
4412399896
4149013591
4813318203
4149849453
4814115527
4150484174
4285208391
4021500822
4548549667
4416607590
4152484127
3896826421
4287297200
4154149620
4550989056
3828049314
3898529612
4551194425
4819426981
4155461216
4953301729
4156606675
4687774022
4687997311
4027804410
4554531130
4554773720
4422107495
3902175695
4292882419
3832667142
4422734333
4029490694
4030766413
4294967282
4294967283
4294967284
4958437192
4826038874
4426485286
4033494032
4827164907
4827248439
3837513486
3837543047
3837764061
4561863526
4563129663
3840461894
4166597456
3911296638
4302132872
4432215932
4039449085
4700355962
4700765213
4834367789
4305253130
3914778682
4305679044
3845141743
4701871187
4042637440
4171417894
4306826885
4835805551
4042916095
4702511497
4435950128
3846302437
4969995260
4970054447
4437038814
3847398371
3917802343
4437112820
4703884741
4437300666
3847920874
4173829711
4704498515
4437896256
4704771983
4309750175
4972265040
4838626393
4705194172
4174802096
4439365551
4573564788
4440834547
4841645152
4575215451
3923354569
4976383549
4709441352
3853099155
4314565023
4843075946
4314606157
4709773997
3853476421
3924838546
4977546397
4180714021
4577952957
3926246021
4578090234
4316457385
4316907001
4182103368
4579621869
4317772357
4446867581
4183387182
3929552151
4447972759
3858589885
4184153507
4055875250
4982399709
3859387770
4849711119
4185902496
4716425374
3860849666
3931999823
4984096050
4057603935
4850521382
4451105782
4985071580
4851295868
4187408570
4322700189
4851567683
4985380623
4985400448
3933837680
4059484724
4188614280
4189023898
4324456277
4189435219
3935430002
4061089676
3864625616
4987729754
3936731784
4062204193
4062601843
3937871820
4455652664
4455803924
4455893414
4856922028
3940151600
4459163491
4725092292
4592586001
4196072694
4592983698
4067950029
5070732934
5070909741
5071376262
4068536331
4726934499
4197488814
4861359309
4594950735
4595025062
4333305372
3944729684
4199069706
4462592772
4729019261
4596452273
4071052007
4199663155
5074046436
5074157960
4997613859
4864452779
3946499038
4730754266
4730830441
4730858425
5076431170
4336707205
4202589425
4466396372
4202913065
4732774836
4867364366
4337911473
4203485835
4203538260
4733087128
4467456364
4338603130
5078417008
4204358154
5002095847
3950535625
4734550971
4076764947
4469754756
4341063703
3952450523
3952967312
3953020383
4207810586
4342941319
4604891721
5083141877
5007708798
4874675586
4345613986
4082517109
4345972332
5085504181
4346139336
5085579513
5009683112
4608883977
4742456583
4877255440
4347772174
4347990866
4348144190
4877705160
4609829987
4348552278
4213945777
4610374031
5012268875
4879544704
4215373858
4879876353
4350792261
4881138590
4216673930
5091139389
4089428433
4089826579
5016039466
4882823531
4218765433
3964693425
4354174411
4483899540
5094036070
3965736086
4884718338
4617382736
5095224382
5018618331
4357109852
4619052759
5096607997
3968284651
5098534825
4620739855
4622343671
5023423899
4622560516
4361432359
4624256219
4757134679
4757519378
5102838539
3974029255
5025625071
5102919824
4492610167
4493138692
4228725895
4894159132
3975169879
4229341983
4759658924
4494275326
4494587995
4896196093
4628353306
4761206732
4761207395
4897569149
4104835491
4232160450
4232284450
4898408240
4898824988
4763700912
4106110379
4233406552
4233956726
4631927252
3980466845
5109631584
5109635656
3980763102
5110920067
4108767119
5111415066
4109268355
4371161026
4109881092
4767261002
4767429914
4635013678
4768176340
3983939288
5113952593
4239339513
3985332557
4770155226
4770240347
4905810759
4637857165
4905976329
4375142867
4375316145
5115833983
4638176000
4505712541
5116576831
4772559424
4506685876
4640673919
5119200642
4117247907
4508206573
4508310906
4508484785
4911239289
4119123604
4509989046
4911911003
4912293262
5043685748
4510685797
4246747682
4381711135
4381729638
4247135456
3993204790
5123490319
5045592377
4512680913
4512797417
4248990394
4647120564
4249414361
4915222104
4647557561
5046920758
4916319911
4916504170
3996689292
5048517509
4917484056
4252341012
4918976908
3998783199
4651314637
4919423580
4919584673
4783778673
4784408419
4255086494
4390015817
4390510214
4922450900
4257987746
4392581860
4657370870
4523695110
5055977168
5135224318
4395191811
5136359212
5207228442
4659828229
5057748958
4526224184
4792611493
4397667283
5059393746
5209457704
5059547006
5209614229
5337637342
5060631788
5210537879
5061364720
4931577775
5466984483
4931874401
5600327739
5467687211
4932678487
5600622158
5063953104
5342235101
4666592258
4798427321
5602481682
5143913826
5342486122
4799159098
5867500339
5145432719
6267222380
5868884276
6267645181
6267866791
6134773979
5217685939
6268605916
5147747893
5218484012
5347002501
5219153103
5148865617
6269858226
5149250137
5608227407
5220364562
5608771653
6271165281
5609170580
5220847961
5349575242
5350761930
5742853797
6008085792
6008609967
6008669824
6141383087
6009269467
5352264827
5876611818
5353060998
6275711454
5481852307
6276880286
6011752527
6011856671
5156433881
5355064788
5355259706
6277922725
5879196666
6144805599
5483474130
6147010996
5358124663
5358305711
6015784687
6282016841
5619835322
6149094783
5620633034
6150875486
5490090837
6284911540
6019954110
5491723555
5491933142
5364855744
5492734838
5888885904
5365250116
5166862994
6154932829
5366394659
5238403093
5757708137
5889993491
5366627315
6289377477
5758540951
5758732262
5168772258
6024641713
6024766595
5169039014
5368709107
5368709108
5496456841
5628512453
6025997187
5629370205
5370294586
5498171732
5498373086
5172068101
5243544046
5244426604
6295257670
5500580975
5173520316
5173668266
5373249253
5174269134
5245678887
6030309460
6296654585
5246497834
5374763131
5175488581
5634282381
5765588833
5246783313
5765726378
6031481424
5375817718
5899117791
5376180987
6298835085
6032859082
5636637810
5900167250
5636701032
5768146225
5768165546
6033752145
5506289486
6166565547
5251360592
5379743427
5770799240
5770868636
5181328391
5903482138
5181523104
6168725178
6303495716
5640992597
5904236594
6169330084
6304284628
5382174767
5183110974
5383188802
6171102253
6171168527
6306589621
5511853170
6171816028
5256409324
5512441376
6172395394
5256793351
5644774200
5907917222
5257363515
6041665709
5776628450
5909105041
6042956991
6043009777
5909560412
5647035061
5259295196
5387692004
5515229894
6310317968
6175251945
5260044209
5911249307
5516769240
5912000102
5912076617
5517311727
6177070508
5390775316
5782063763
6047877728
5651859433
6048081251
5193733239
5915965947
6181508686
6050299198
5785317827
5917079854
5917349854
6182709459
5655275154
6318702797
5268191028
6183527606
5919073189
5524938794
5919501681
6054380671
6401392138
5528145131
5791487062
6402035883
5660669477
5401894387
6403204485
5402303887
6058559805
6058588920
5793272287
5924466017
5794192339
6060067098
5926171427
6327104853
5926314544
6191458686
5276263909
5532903706
5276438764
5796155848
5664785182
5665009477
6192698907
6328637518
6062693309
5666200660
5407596009
5535439008
6064610871
5930224179
5409430769
5668064383
5409532747
5537685844
5537798011
6411596726
5410392618
6066844606
5411598071
5539095560
6333908901
5933737584
5283376884
6334960244
5803743000
6069013712
5414415596
6069936592
6069963944
6070660928
5543873050
5937830405
6071787762
6203601228
6073351280
6419848563
5809185045
6340396902
5940469488
6205524826
5810082656
6341477862
5678959363
5420541987
6075696356
6422361505
5291482116
5291795356
5680124555
5812628835
5549879941
5293205216
5813831093
5814038162
5945284300
5423600488
5423873566
6079470841
5424202506
5683268146
5815397066
5295332616
5553612303
6211873360
5553863530
5426082267
5426250787
5685246319
6347801326
6212821464
5555154037
5685844144
5555401866
5950132229
5687365124
5688066503
6215704836
5300735564
5821665452
6216679474
5822391013
5560191839
5303038921
5434472709
6090155275
5305067404
5694373651
6091247841
5565000551
5827556557
6092639268
5696113828
6092944656
5307481947
5437859035
5566863202
5567068637
5697041160
5567459808
6360279672
5961621563
6440372211
6225228856
6360924181
5568822100
6361633086
5831409351
6362095707
5310726976
5832075321
5963628480
6442408398
6442450931
6442450932
6097087838
5963952679
6228314713
6098352542
5965201461
5571358309
6228872715
5312559033
5701565889
5444168286
6229975323
5573153683
6100322113
5835989560
5445120764
6100961164
5837180436
6102300628
5316728650
5447495579
5575815121
6448835450
5317976810
6103815446
6234563745
5840188035
6234843806
6450584595
5972056717
5449887585
5972373689
5972429096
5319804360
6451104294
6105470224
5319992029
6370852529
6371086767
6371151572
6236144902
6452016531
5320766886
5709432156
5974646091
5321908972
6237906728
5975097924
5711065824
5975857546
6454293776
6454327560
6454684812
6374779632
5845150505
5582290855
6455325120
6239939379
5845786473
6240437259
6456361921
5325191862
5456135479
5456651620
5325740281
5457028228
6457691264
5584946772
6377641616
6377684353
6112176413
6458359057
5980044579
5460098916
6460760914
6461022775
6245544289
6245986939
6381121801
6246620037
6382215669
5589401701
5984219397
6248900207
5723419627
5986604161
5986653386
6250508611
6535351907
5723931802
6386276563
6120726604
6120749457
6467504594
5594282353
6666870066
5724851907
6536678258
5988358206
5725602236
6537485091
6469270547
6123341418
6254212766
5596810471
6124076266
6390106825
5598004224
5729258696
6540949893
6672345613
5862298131
6256986738
6473407116
6673959694
6474960081
6259033861
6544490939
6675511179
6803273861
5997314490
7067459541
6935726860
6397910970
6479632012
6937227233
6399226860
7200090194
6937468733
6399585528
6480273259
6480297999
6480390056
6937946954
6481135110
6807896040
6938709267
7334903056
6483342167
7072660090
7072798208
7600495077
7073414589
7337824297
7073579400
7339347108
7206128240
7206192895
7075274398
7075409732
7603516105
7472846967
6944993343
6815061911
7605874528
7474866069
6946799265
7343106384
6816518578
7607005287
7607192234
6817463965
7607310861
6690855473
6948048632
6690935918
7344874561
7477283540
7211586250
7211699352
7345516970
6562427646
6563176126
6563852039
6694114686
6564275825
7480474714
7348652280
7481236113
6695652564
6565970896
6953419431
7613760279
6696932154
7085766223
7351117527
6567596199
6568400196
6569105725
6699121629
6500020290
6956071423
7617061587
6569868628
6501107301
7619011044
7487355300
7221743236
7356514797
7222666512
6830109294
6574056764
7621854209
6704732082
6575609273
6576500565
7624266225
6834144630
6508103888
6964148862
7096250998
7624752631
7493671537
6835808396
6965827278
7494952696
6966360220
7362954420
6579784245
6966721058
6837760206
7627730069
6511578660
7364247978
6712216168
7231762632
6582210059
6712555607
7499042505
6714271201
7367077004
7233968309
7234446546
7368569009
6516580284
6516794196
7236547054
7633987970
7105525612
6973600232
6587145154
7634397608
7502733465
6845723659
6718867883
7504504933
6719832090
6720115336
7505628310
7109779176
7241483031
7374104834
7374508345
7111349825
7375689085
6723990162
7509385091
6980857475
6524896833
6852271822
7510330361
6526355133
7380016092
7644551911
6983438582
7116191980
6597669698
7513001574
6728089943
7513375788
6598044939
7116915794
7514117107
7514267370
7515267046
7515303736
7515568784
7648652794
7120157707
6987345351
7516192755
7516192756
7649425877
6531908300
7649517485
7649563612
7120995848
6731791046
7252737535
7385508880
7385522812
7385961175
7122099775
6988894660
7733686080
7254342227
6604097352
6861927209
7387102117
6733745999
6990139055
7123872062
7388086325
6990993144
6991106748
7124993481
7735875352
6863630311
6991929992
6992097728
7126013295
6864358965
7389602055
7521474323
7654979184
7655186186
7390263494
6993159259
7127113535
6993724595
7656414976
6994330980
6866346437
7523303432
6609509052
7739719254
7657473249
6995227403
6867431859
7657920504
7260757702
7393099713
6740042634
7658282184
6869199492
6741215162
7742399347
7742496700
7395026835
7743232791
6742463889
7527332218
6870734851
6871131128
7264370471
7745003791
7135102028
6873359250
7746640403
6745539564
7266286517
6873714481
6873776117
7663847678
6873843638
7002147283
7266931195
7002430096
7531088581
7747855473
6618551533
7138321271
7269165976
7402878123
7140021676
7403367615
7534677416
7140788525
7007196412
7141607385
6880906581
7009377057
7538144786
6881504173
7144419884
7672496140
6755134010
7539477671
7275812669
6625683295
7276142229
7408519967
6756091190
6883627994
7409502361
7012943143
7674642433
7758213217
7410436709
7410697886
7542904489
7543131798
7148779668
7676765758
6759492381
7760612461
7280741284
7412837158
6760649129
6888403587
7414275106
7282275745
6761980332
7547277065
6890684496
7283686014
7019683956
6763518345
6763551726
6891213722
7681688973
7549472656
7681866211
7681883997
7021166770
7550103299
7417636044
7417932709
7550616903
7022217507
6893605509
6766982357
7287405773
7419514121
7023698801
6638998490
7289295388
7160139362
7770838054
7027666243
7688658617
6898558142
7689835914
7425883222
7030168293
6644001164
6774366253
7774734214
7294763560
7295055018
7164991666
7165073947
7427390266
7165788587
7165822168
7560446175
7561044692
7429073244
6777236398
7694016980
6904984066
7695662816
6905450345
7780385433
6781233586
7037739575
7301695015
7781922770
7038046903
7301872574
6908585191
7433786456
7782247059
6908755875
7303086388
6783517084
6910114442
6910342064
6910497926
7435665538
7174336831
7568413746
7436175732
7175528568
7437758445
7786371218
7570336857
6656392418
6657455002
7788331835
7044387549
6789175871
7789166282
7573233168
7309199555
7706644412
7180520605
7442698879
7181536310
6792391209
7708519265
7182378087
6919401974
6662614385
7794066432
6920904745
7184020041
6795516632
6664109372
6664329050
7579622541
6664767944
6797686402
7449124614
7449202071
7797997793
6798891654
7582827690
7798680769
7583434057
7716176974
8000436499
7868939422
7716474170
7055461039
7319907197
7869811166
7190776455
7320593403
7453530046
6928688355
7454156192
8003020703
7321811072
7057668907
7057858980
7057887961
7871876965
7192737217
7455486693
7803731496
7588269504
7804133456
7804210733
7323684598
7873749293
7721747410
7721776386
7873919509
7589308929
7589365863
7590530702
8007115333
7325628147
7591180725
7724145010
7197695941
7725213574
7725496893
7725513083
7877594787
7328175389
7328623723
7065506466
7594491328
8137266259
8137826865
8267970420
8267971006
7881089397
8013174575
7812996937
7730493721
7466373696
8015490638
7466610883
8666935961
8271414142
8016792767
7732535334
8800106650
7733005954
7733184055
8143405616
8406069104
7886254854
7817380531
8535950886
8274443086
7818230450
8144942586
8145103247
7888001549
8537777436
8275618811
7819713482
8276539598
8937438596
8409947537
7821350801
8022875713
8540958013
8411364111
8675701830
8542505907
8807630723
8024899614
8543052518
8280299561
7893790563
8808579532
7894053569
8544236792
8151536334
8152039072
8942425502
8415722501
7896205640
7896661765
7897209150
8679663477
8548140699
8548856449
8682055700
8947661275
8814963749
8550580540
8158678613
8288955564
8684358645
8033765554
7832811419
8159658978
8422915766
8160513063
8291611970
7834802805
8554567667
7835903411
7905761461
7906324045
8689333056
8164697358
8822033016
8557284574
7839239478
8691212684
8041194977
8957377661
8430074180
8824743082
8297680997
8430374164
8825080154
8560371577
8958105498
8825668649
8693554801
8826131250
8043962163
7911932957
8826722907
8299695022
7843870492
8300004950
8562813368
8828286837
8829513441
8697066635
8303306141
8048705028
8048857449
8436983805
8964021824
8964373646
8174663256
8699809930
7918984015
8307253904
7919961401
8569274444
7920120793
8966916645
8967275374
8835014985
8308513942
8835306345
8703407553
8178332687
8704181809
7853629955
8571857737
8055638217
8837232402
8443386587
8705410216
7855394366
8706251369
8574041602
8706885235
8057827912
8972336045
8839809635
7857212388
8445895517
8709154377
8447253205
8184048083
8709472184
7859050955
7859597660
8184956530
8842410119
8316241370
7929537309
8975610386
8843638587
7930721409
8449975805
8450032497
8063770508
8580662989
8713556396
8713609330
8581198727
8065078869
8320172961
8582315745
8321026966
8321076014
8847564740
8321374755
8583276953
8981957810
8323364257
8323649728
9067523282
8192262310
8324589514
7938385945
8852288992
8587814090
8326411992
8458249487
8326576461
8720508937
8327630301
8854093604
8589934580
8721903180
8987080599
8073862118
8591062916
7941822137
8723046883
8723094400
8329428058
7942206734
8988255206
8988327410
8989066343
8463048739
8076198115
8989970975
9074926697
8200224324
8077386007
8859309307
8595146547
8078058834
8332512788
8465421865
8202353013
8079727074
8080102815
8466931454
8335280582
9078823749
9078878446
8468475128
8204998304
8599097384
8082260222
8730074766
8337438025
8731314350
7952013536
8339187091
8602106011
8339590385
8085833997
8734071054
8472700234
8868154909
8473165147
7954379626
9084873710
9000912680
9085645208
8735997335
8870190399
8088888648
8475355367
8088981784
9087214864
8737736960
8607299407
8089998380
9087565669
8871888713
9003923618
8608046142
9004451180
9089619496
8478370064
8874123677
8611296980
8741919201
8348845583
8612011288
9092764831
8481620786
8481741695
7962761465
9009926876
8351316645
9009959744
8744541974
9010228251
8219961126
8614821930
9010964621
8484805814
9096552193
8880034297
9096738831
7966117685
8221772533
8221989291
8880729179
8880896687
8222873583
8617946191
9099207823
8101779056
8883827704
9015450648
8489026204
8884319437
7969921923
8102864024
9016481359
8751611941
8104250954
7971033505
8490365126
8886023911
8104722811
8104884116
7972072251
8622417385
8360186734
8491533847
8491695398
8228739089
9018609864
8887645911
9019019036
8361547505
8362006252
9105893993
8231083568
8362834959
8625973195
8626353796
7976578371
8110100287
8233439853
7977049825
8758125352
8758995007
8234814597
7978936176
9110569557
8112540482
8114149453
7980880921
7981266139
8368676033
8500904842
8238323774
7981819613
8896134845
9114049042
7982395960
8632147490
8501515652
8896410983
9028766824
8764075850
8116421741
7984558471
8634057768
8634496318
8118343605
7985415519
8372487438
8505422753
8900571706
8636314508
8900720664
9032621984
8374015233
8374864984
8507077417
8507134039
8769721269
7988696334
7988965668
9120650274
8903009578
8639010928
8904170293
9036024911
8246678462
8640542547
8772250698
8772907163
8125158794
8773728576
8773858299
8642664132
9124981044
7993376762
8642889895
8380318303
9039160096
8775781589
8381778483
8513898423
8909011564
8909956863
8383723943
8252903454
8778853686
8253455717
8255958909
9131119018
8519625489
9334659151
9046560100
8522162994
8653496023
9337272523
8654161386
9338446455
9338542556
8655178455
9338695190
9339127534
9339464276
9138512481
9138748209
8526219282
8921083463
9208388398
9208427776
8265407887
8659747592
9600402976
8792238794
8792494183
9344535145
9143633697
8925872819
8662525713
9213244783
8531735153
9469356798
9603171617
8794382693
9214272095
9214637484
9470567410
8795728643
8928171621
9059774858
9867633167
9736242818
9868221231
9472506655
8666590490
9349778303
9349833711
8930552628
8799389742
9474148822
9219437720
9150440724
9609953491
9220473339
9475576892
9475891942
9740488625
9151759228
9221589264
9741364643
9152663728
9222529892
9742119017
9223467184
9613521737
9744018553
9614004875
9480035406
9744475081
9156212585
9358772763
9481844685
9481857852
9877368761
9157678665
9482419249
9747182069
9617150089
9228237277
9879184352
9229238275
9749268454
9364494707
9882427019
9232588783
9622117861
9752873484
9365903267
9233686646
9883904146
9488687352
9623062028
9234367686
9623647234
9235282199
9368204728
9236170959
9236464088
9368867715
9369381087
9369607821
9168288381
9888605395
9169640973
9371474636
9629862359
9373086412
9629950886
9630461826
9172810339
9761362547
9496396950
9632525347
9763033807
9498267891
9243543959
9764369071
9499944434
9377599049
9377691784
9176536693
9636219241
9379230290
9178176756
9766911610
9248458031
9899102368
9249139016
9899144280
9768606889
9504559834
9250007992
9250528559
9640934854
9506432883
9507427344
9384891998
9642623967
9643103369
9385760489
9254776563
9509194185
9773898808
9644966393
9775618188
9908113689
9260080808
9190740507
9780146464
9781979109
9913634802
9264365521
9914516532
9519310084
9397092637
9520979327
9916698655
9521931922
9267526615
9786520889
9522546069
9523168544
9401177029
9919239107
9788476740
9270582516
9270641367
9660497766
9921492152
9404565445
9528425860
9663676404
9406817996
9407451576
9530064736
9794897859
9664956382
9532352220
9409848759
9532716927
9796940663
9928065077
9667898814
9279797103
9280827411
9669097041
9799567945
9413652797
9536253694
9671138010
9800938993
9801164688
9284213966
9539974975
9804428512
9804940693
9675423851
9541115154
9805757732
9287920781
9541529960
9288375464
9419522104
9288854566
9542459789
9419789387
9291579346
9291723055
9421914791
9809990553
9681305853
9424864882
9942677005
9425185854
9942991530
9549102235
9426468870
9296422093
9296949994
9297053136
9685659391
9686249510
9298437373
9298461722
9947013439
9299601311
9553072221
9687610002
9947991974
9948106787
9948586643
9688743742
9819750956
9301486759
9301959249
9432726320
9822910211
9305397418
9953024612
9955188181
9438345472
9308126132
9956555292
9309855972
9566466746
9832513183
9702296873
9833407770
9703350421
9963519083
9570055917
9447412900
9571081268
9571538935
9965484407
9318722049
9706701851
9837286612
9838440681
9709634748
9323922550
9844313882
9714341859
9714842339
9458614658
9975987369
9846452668
9716388164
9978097629
9583404802
9848539944
9718526481
9330474109
9462556546
9462638232
9720732858
9721126303
9586503417
9586783622
9333271719
9722804760
9587744761
9723022476
9853219047
9724745559
9589544886
9855016232
9727889486
9988085100
9593391747
9989043269
9596676172
9991707427
9992469805
9994127740
9599848633
