Real: 00:00:00.000, CPU: 00:00:00.000, GC gen0: 0, gen1: 0, gen2: 0
total running workers = 75
1
9
20
25
44
76
121
197
304
353
540
856
1301
2053
3112
3597
5448
8576
12981
20425
30908
35709
54032
84996
128601
202289
306060
353585
534964
841476
1273121
2002557
82457176
3029784
29991872
3500233
5295700
45863965
19823373
34648837
8329856
52422128
12602701
160492623
187771904
151082663
124753981
178361944
205641225
142623302
168951984
196231265
133213342
159542024
241379867
242330466
231969907
297839627
259249188
CPU time = 64760ms
Absolute time = 10818ms
CPU:REAL Ratio=5.985213
232920506
260199787
287479068
314758349
250789827
316659547
251740426
278069108
305348389
306298988
414463319
324168309
417679031
406951754
420526174
383104513
410282614
385067592
411783644
385597450
399056610
399926810
520746871
444448303
496996940
432087801
474652308
532132314
561538634
594636553
634270634
609155527
635509308
635720191
557628371
558596658
585636882
637950826
656899235
747698100
699132840
751619489
673654471
662083608
666490153
679822807
857586360
846881940
883912192
836710940
824687129
887559037
851676248
908710668
866066669
974309209
986801039
897481167
963020115
924017459
987882384
976335031
954208183
967469021
954581718
955039137
980608309
993452301
929673863
956193081
903592020
997829767
986378560
Real: 00:06:26.456, CPU: 00:01:08.950, GC gen0: 5747, gen1: 4, gen2: 1
