Real: 00:00:00.000, CPU: 00:00:00.000, GC gen0: 0, gen1: 0, gen2: 0
total running workers = 75
1
9
20
25
44
76
121
197
304
353
540
856
1301
2053
3112
3597
5448
8576
12981
20425
30908
35709
54032
84996
128601
202289
306060
353585
534964
841476
1273121
2002557
3029784
3500233
5295700
406951754
8329856
673654471
142623302
410282614
278069108
12602701
411783644
679822807
414463319
151082663
417679031
19823373
420526174
287479068
954208183
954581718
955039137
956193081
824687129
557628371
159542024
558596658
160492623
29991872
561538634
963020115
297839627
34648837
432087801
168951984
967469021
699132840
836710940
305348389
306298988
974309209
45863965
178361944
976335031
CPU time = 683000ms
Absolute time = 113077ms
CPU:REAL Ratio=6.039972
444448303
52422128
846881940
314758349
980608309
316659547
187771904
851676248
585636882
986378560
986801039
987882384
324168309
196231265
857586360
594636553
993452301
997829767
205641225
866066669
474652308
82457176
609155527
747698100
883912192
751619489
887559037
231969907
232920506
1108638427
496996940
1110319692
897481167
241379867
634270634
242330466
635509308
1035929947
635720191
637950826
903592020
1119737955
250789827
908710668
251740426
124753981
1046353436
383104513
1211501823
385067592
385597450
259249188
260199787
520746871
133213342
656899235
1055775576
924017459
662083608
399056610
399926810
532132314
929673863
1143319026
666490153
2134149506
1152980604
1616239753
2279494114
2015245894
1249941604
1883386206
1251135189
1251136386
1163218528
1367347644
1759068881
1499058729
1501825884
2297240113
2297565898
1266050454
1770355553
1266792595
1266987199
2167855572
1178734376
1899329943
1269887591
2035537090
1778933754
1645160721
1782461328
1909084317
1520895085
1649606658
1650417968
2182857349
1523365993
1523664274
1396523944
1655318828
1198395745
1528198423
2188870091
2401331105
2321397156
2190578931
1531546918
2323575828
2324782753
2324894141
1296259135
2407134311
2407284172
2328687321
2329813761
1802621416
1301541962
2331933720
1303595470
2068428616
2069967590
1546775715
1814678984
1421361587
1682572001
1683680811
2214869500
1553845098
1315726714
1315777583
1686277047
2430300384
1947269005
1690437527
2433421675
1322788689
1691456474
1691741183
1563095427
1436517716
2438225223
1567148802
1697933911
2234230039
1574970547
1963902251
2100056400
1575776050
2235467655
2367607926
1848756059
1454957611
2545445524
2546296171
1720174411
1977606263
2380518216
2251904293
2383327937
2384872667
1982644042
2121131470
2123015444
2669209932
2670675737
2562452863
3067422598
2476408036
3068366114
2935647974
2938159465
2395854713
2566995408
1995518173
2808362907
2683359508
2813101965
3473106657
3474193861
2689869807
2819096012
2583694290
3612040196
3349725513
3617169160
2964016320
3621185322
2834378406
3227498466
3104455296
3104734806
2517477840
2712063893
3366362505
3233814423
3633536159
2521918246
2977465646
3636817188
2608017888
2849757441
2981700243
3243216554
3641428487
2723641114
3643048434
3384404792
2618783613
3255387086
3255723453
3743919552
3528231970
2872204704
3398280015
3398684122
3400005460
3144216585
3758065967
2641051968
3149129173
3150092756
3673788811
2887532608
3675699516
2889027470
3768233948
3157145454
3024587252
3681935496
3286789542
2895013723
3289330032
3423070787
3687199839
3778000690
3779215077
2659461897
3166644834
3166888718
3294700233
3690766539
3295445277
3037675669
3693997336
2664567739
3040186761
3564277239
3172245878
3045533605
3791633398
3791683201
3791701994
3438577294
3049141672
3440563078
3309694023
3312126204
3445395634
3446094300
3882468526
3805430577
4002744954
3807993188
3453188024
3586202608
3586472060
3888405736
3065367473
3588123215
3324776260
3326485933
3813938948
3459417259
4010672672
4401098122
4011681196
3330366698
4403851822
4933891796
4539862185
4023615056
4809903845
3912238629
4549343730
4033494032
3923354569
3840461894
4820501103
4164590840
4299246122
3923990926
4037884957
3924838546
4301080446
4958850687
4692083892
4174802096
4968295088
4568252807
4834367789
4180946292
4575215451
4977546397
4057575456
4843075946
4709773997
4189435219
4062189968
4454620819
4985380623
4985400448
5068373753
4459163491
4067950029
4068536331
4463332207
4071052007
4590832869
4466495634
4726934499
4862275408
4207810586
4345613986
4476098324
4732835099
4082517109
4348072375
4478446993
4212801049
4480460681
5091139389
5009058730
4742110397
4743121582
5016039466
4361428509
4882823531
5102919824
4099490894
4495146046
4496825497
4754074397
4103237544
4106060452
4371161026
4628353306
4896196093
4631927252
4763700912
4898408240
4508787353
4764716742
4898824988
5205249383
4244800654
4767707361
5207432137
4120670413
4771175628
4517812167
4252341012
4255086494
4912293262
4781158868
5602481682
5735595169
5472100890
5233127447
4927793690
5347002501
5349575242
5479877368
5241009365
5241422413
6006452360
6271165281
5355344969
5877512852
5358124663
6011752527
6275905809
5491131117
5166862994
5366291685
5886141398
6282016841
5175488581
6287278794
5373249253
5636701032
5376264978
5267676884
5897913529
6163699702
5901112586
6165130122
5188300412
5511853170
5512441376
5903482138
5776892630
5904236594
6168725178
6169330084
5907489883
6171816028
6043009777
6173173976
6047565756
5656276381
5915965947
6403204485
5917349854
5918797773
5919100535
6054380671
5796155848
5407596009
5535439008
5926171427
5926314544
6064610871
6327027946
5306549943
5420541987
5678721205
5678821260
6333908901
5310726976
6204120520
5551780122
6336360282
5312037608
6075696356
5426065103
5553021444
5821620932
6211873360
6213458715
5827556557
5697041160
6089741112
6097087838
6448629631
6226935511
5575174831
5448791169
6101899298
6102316402
6454327560
5969288056
6458114824
6458348261
5980044579
5593431797
5982599250
6473407116
6474960081
6562427646
6386485710
5866141325
6257007637
6680035728
5994706444
6483342167
7603516105
7735875352
7606993847
7607054290
6496835658
6496947730
6696932154
7344874561
7743232791
7745003791
7215343662
6500179670
7092838715
6963217090
7096250998
6964041895
6505625102
6592896568
7619011044
7487913207
7620089940
7099326142
6837640807
7359550576
6514204786
6973544200
7105525612
7362954420
7760612461
7496801170
7363947772
7110860441
6609509052
7770821791
7770838054
7374304213
7116915794
7374446578
6614144162
7509385091
6988894660
7510330361
7777722264
7380016092
6531908300
6735909270
7252456817
6622773181
7388086325
6626099988
6866346437
7389602055
7259518929
7393216584
7880957915
7794066432
6749420036
7140788525
7266286517
7141607385
7796508315
6638998490
7144419884
7886254854
6757150547
7537423868
6643540089
7018284177
7275812669
7018762307
7406661963
7278802434
7542904489
7893790563
7676765758
7677459705
7280214332
6763518345
7545342271
7283686014
7414275106
7812612124
7901991621
6897439276
7162258623
7817380531
7687884486
7555276846
7818230450
7689053637
6905450345
7295055018
7560446175
7561044692
6907430367
7695662816
8001622116
6783517084
7043811070
7697311693
7828087407
6784581856
7301695015
7699455886
7046562784
7568413746
8007755286
7570336857
7835199174
7309199555
8013174575
7926051677
7927338806
7056279503
7442698879
7314130453
7581309696
7582587031
7062648138
7319907197
8024894706
7451967549
8271414142
7328175389
7594491328
7859050955
7859597660
8537777436
8666935961
8279979235
7598601111
8152191077
8668171053
7598673047
8412621436
8540958013
8800176894
7466373696
9067018568
8043962163
8673769489
8674868304
8046104283
8938064727
8288955564
7959051094
8679663477
7959862946
8164727396
8944215538
8682992851
8683268410
9078878446
8172785661
9084873710
8302751463
8063122539
7972072251
8304836403
8178332687
8957377661
8826131250
7975961810
8826722907
8697379233
9223467184
8071094956
9226475725
7980880921
8444092141
8314353653
8703972105
8447253205
7985603561
8190182021
8320172961
8320750229
8450032497
8078058834
8322229741
8192662015
8709154377
8709472184
8326576461
8583276953
9240148173
8845042884
8847564740
8981096987
8850248314
8591062916
8463048739
8335280582
8601830825
8101779056
9346300168
8348845583
8219961126
9349778303
8350982875
9350335320
8870190399
9001698330
8484096897
9267526615
9138422757
9358677848
8116421741
8365993268
8623518169
9014890954
8883827704
8367106920
8884319437
9368204728
9369381087
8372487438
8630721128
8763031771
8894136778
9290245019
9379025996
9379677007
8636314508
8250869730
9470567410
8255958909
8642664132
8642889895
9308166529
8652118420
8653385570
9398368875
8785667060
8398159209
9400806732
8531397227
8792238794
9493366135
9867633167
9493915967
9739587747
8923611150
9321100224
9190740507
9618752067
9064228059
9329909528
9333271719
9754862736
9763942106
9765710487
9767103846
9532352220
9644966393
9909202117
9913634802
9914516532
9651615941
9653646762
9919239107
9791829714
9921229640
9926167137
9936214722
9671138010
9565543794
9673472011
9571081268
9571538935
9681731636
9686249510
9687718684
9822910211
9953024612
9825439000
9954054192
9826178393
9955965019
9698428185
9965484407
9720066533
9998994162
Real: 00:04:09.905, CPU: 00:11:51.300, GC gen0: 57460, gen1: 14, gen2: 2
